// hall_symbol.rs
// Generated by Python script (v2) from hall_symbol.c data

use crate::cell::{cel_is_overlap, cel_layer_is_overlap};
use crate::debug;
use crate::mathfunc::{
    Mat3, Mat3I, Vec3, mat_cast_matrix_3i_to_3d, mat_check_identity_matrix_i3, mat_copy_matrix_d3,
    mat_dmod1, mat_get_determinant_i3, mat_get_similar_matrix_d3, mat_multiply_matrix_d3,
    mat_multiply_matrix_vector_d3, mat_multiply_matrix_vector_id3,
};
use crate::spg_database::{Centering, spgdb_get_operation, spgdb_get_operation_index};
use crate::symmetry::Symmetry;

// ============================================================================
// Constants & Static Data
// ============================================================================
static M_BCC: [[i32; 3]; 3] = [[0, 1, 1], [1, 0, 1], [1, 1, 0]];

static M_FCC: [[i32; 3]; 3] = [[-1, 1, 1], [1, -1, 1], [1, 1, -1]];

static M_AC: [[i32; 3]; 3] = [[1, 0, 0], [0, 1, 1], [0, -1, 1]];

static M_BC: [[i32; 3]; 3] = [[1, 0, 1], [0, 1, 0], [-1, 0, 1]];

static M_CC: [[i32; 3]; 3] = [[1, -1, 0], [1, 1, 0], [0, 0, 1]];

static M_RC: [[i32; 3]; 3] = [[1, 0, 1], [-1, 1, 1], [0, -1, 1]];

static M_BCC_INV: [[f64; 3]; 3] = [[-0.5, 0.5, 0.5], [0.5, -0.5, 0.5], [0.5, 0.5, -0.5]];

static M_FCC_INV: [[f64; 3]; 3] = [[0.0, 0.5, 0.5], [0.5, 0.0, 0.5], [0.5, 0.5, 0.0]];

static M_AC_INV: [[f64; 3]; 3] = [[1.0, 0.0, 0.0], [0.0, 0.5, -0.5], [0.0, 0.5, 0.5]];

static M_BC_INV: [[f64; 3]; 3] = [[0.5, 0.0, -0.5], [0.0, 1.0, 0.0], [0.5, 0.0, 0.5]];

static M_CC_INV: [[f64; 3]; 3] = [[0.5, 0.5, 0.0], [-0.5, 0.5, 0.0], [0.0, 0.0, 1.0]];

static M_RC_INV: [[f64; 3]; 3] = [
    [2.0 / 3.0, -1.0 / 3.0, -1.0 / 3.0],
    [1.0 / 3.0, 1.0 / 3.0, -2.0 / 3.0],
    [1.0 / 3.0, 1.0 / 3.0, 1.0 / 3.0],
];

static TRICLI_VSPU: [[[f64; 9]; 3]; 2] = [
    [
        [0.0, 0.0, 0.0, 0.0, 0.0, 0.0, 0.0, 0.0, 0.0],
        [0.0, 0.0, 0.0, 0.0, 0.0, 0.0, 0.0, 0.0, 0.0],
        [0.0, 0.0, 0.0, 0.0, 0.0, 0.0, 0.0, 0.0, 0.0],
    ],
    [
        [0.0, 0.0, 0.0, -1.0 / 2.0, 0.0, 0.0, 0.0, 0.0, 0.0],
        [0.0, 0.0, 0.0, 0.0, -1.0 / 2.0, 0.0, 0.0, 0.0, 0.0],
        [0.0, 0.0, 0.0, 0.0, 0.0, -1.0 / 2.0, 0.0, 0.0, 0.0],
    ],
];

static TRICLI_GENERATORS: [[[i32; 9]; 3]; 2] = [
    [
        [1, 0, 0, 0, 1, 0, 0, 0, 1],
        [0, 0, 0, 0, 0, 0, 0, 0, 0],
        [0, 0, 0, 0, 0, 0, 0, 0, 0],
    ],
    [
        [1, 0, 0, 0, 1, 0, 0, 0, 1],
        [-1, 0, 0, 0, -1, 0, 0, 0, -1],
        [0, 0, 0, 0, 0, 0, 0, 0, 0],
    ],
];

static MONOCLI_VSPU: [[[f64; 9]; 3]; 9] = [
    [
        [0.0, 0.0, 0.0, 0.0, 0.0, 0.0, 0.0, 0.0, 0.0],
        [0.0, -1.0 / 2.0, 0.0, 0.0, 0.0, 0.0, 0.0, 0.0, 0.0],
        [0.0, 0.0, -1.0 / 2.0, 0.0, 0.0, 0.0, 0.0, 0.0, 0.0],
    ],
    [
        [-1.0 / 2.0, 0.0, 0.0, 0.0, 0.0, 0.0, 0.0, 0.0, 0.0],
        [0.0, 0.0, 0.0, 0.0, 0.0, 0.0, 0.0, 0.0, 0.0],
        [0.0, 0.0, -1.0 / 2.0, 0.0, 0.0, 0.0, 0.0, 0.0, 0.0],
    ],
    [
        [-1.0 / 2.0, 0.0, 0.0, 0.0, 0.0, 0.0, 0.0, 0.0, 0.0],
        [0.0, -1.0 / 2.0, 0.0, 0.0, 0.0, 0.0, 0.0, 0.0, 0.0],
        [0.0, 0.0, 0.0, 0.0, 0.0, 0.0, 0.0, 0.0, 0.0],
    ],
    [
        [-1.0 / 2.0, 0.0, 0.0, 0.0, 0.0, 0.0, 0.0, 0.0, 0.0],
        [0.0, 0.0, 0.0, 0.0, 0.0, 0.0, 0.0, 0.0, 0.0],
        [0.0, 0.0, 0.0, 0.0, 0.0, 0.0, 0.0, 0.0, 0.0],
    ],
    [
        [0.0, 0.0, 0.0, 0.0, 0.0, 0.0, 0.0, 0.0, 0.0],
        [0.0, -1.0 / 2.0, 0.0, 0.0, 0.0, 0.0, 0.0, 0.0, 0.0],
        [0.0, 0.0, 0.0, 0.0, 0.0, 0.0, 0.0, 0.0, 0.0],
    ],
    [
        [0.0, 0.0, 0.0, 0.0, 0.0, 0.0, 0.0, 0.0, 0.0],
        [0.0, 0.0, 0.0, 0.0, 0.0, 0.0, 0.0, 0.0, 0.0],
        [0.0, 0.0, -1.0 / 2.0, 0.0, 0.0, 0.0, 0.0, 0.0, 0.0],
    ],
    [
        [0.0, 0.0, 0.0, -1.0 / 2.0, 0.0, 0.0, 0.0, 0.0, 0.0],
        [0.0, -1.0 / 2.0, 0.0, 0.0, 0.0, 0.0, 0.0, 0.0, 0.0],
        [0.0, 0.0, -1.0 / 2.0, 0.0, 0.0, 0.0, 0.0, 0.0, 0.0],
    ],
    [
        [-1.0 / 2.0, 0.0, 0.0, 0.0, 0.0, 0.0, 0.0, 0.0, 0.0],
        [0.0, 0.0, 0.0, 0.0, -1.0 / 2.0, 0.0, 0.0, 0.0, 0.0],
        [0.0, 0.0, -1.0 / 2.0, 0.0, 0.0, 0.0, 0.0, 0.0, 0.0],
    ],
    [
        [-1.0 / 2.0, 0.0, 0.0, 0.0, 0.0, 0.0, 0.0, 0.0, 0.0],
        [0.0, -1.0 / 2.0, 0.0, 0.0, 0.0, 0.0, 0.0, 0.0, 0.0],
        [0.0, 0.0, 0.0, 0.0, 0.0, -1.0 / 2.0, 0.0, 0.0, 0.0],
    ],
];

static MONOCLI_A_VSPU: [[[f64; 9]; 3]; 9] = [
    [
        [0.0, 0.0, 0.0, 0.0, 0.0, 0.0, 0.0, 0.0, 0.0],
        [0.0, -1.0 / 2.0, 0.0, 0.0, 0.0, 0.0, 0.0, 0.0, 0.0],
        [0.0, 0.0, -1.0 / 2.0, 0.0, 0.0, 0.0, 0.0, 0.0, 0.0],
    ],
    [
        [-1.0 / 2.0, 0.0, 0.0, 0.0, 0.0, 0.0, 0.0, 0.0, 0.0],
        [0.0, -1.0, 0.0, 0.0, 0.0, 0.0, 0.0, 0.0, 0.0],
        [0.0, 0.0, 0.0, 0.0, 0.0, 0.0, 0.0, 0.0, 0.0],
    ],
    [
        [-1.0 / 2.0, 0.0, 0.0, 0.0, 0.0, 0.0, 0.0, 0.0, 0.0],
        [0.0, -1.0, 0.0, 0.0, 0.0, 0.0, 0.0, 0.0, 0.0],
        [0.0, 0.0, 0.0, 0.0, 0.0, 0.0, 0.0, 0.0, 0.0],
    ],
    [
        [-1.0 / 2.0, 0.0, 0.0, 0.0, 0.0, 0.0, 0.0, 0.0, 0.0],
        [0.0, 0.0, 0.0, 0.0, 0.0, 0.0, 0.0, 0.0, 0.0],
        [0.0, 0.0, 0.0, 0.0, 0.0, 0.0, 0.0, 0.0, 0.0],
    ],
    [
        [0.0, 0.0, 0.0, 0.0, 0.0, 0.0, 0.0, 0.0, 0.0],
        [0.0, -1.0, 0.0, 0.0, 0.0, 0.0, 0.0, 0.0, 0.0],
        [0.0, 0.0, 0.0, 0.0, 0.0, 0.0, 0.0, 0.0, 0.0],
    ],
    [
        [0.0, 0.0, 0.0, 0.0, 0.0, 0.0, 0.0, 0.0, 0.0],
        [0.0, -1.0, 0.0, 0.0, 0.0, 0.0, 0.0, 0.0, 0.0],
        [0.0, 0.0, 0.0, 0.0, 0.0, 0.0, 0.0, 0.0, 0.0],
    ],
    [
        [0.0, 0.0, 0.0, -1.0 / 2.0, 0.0, 0.0, 0.0, 0.0, 0.0],
        [0.0, -1.0 / 2.0, 0.0, 0.0, 0.0, 0.0, 0.0, 0.0, 0.0],
        [0.0, 0.0, -1.0 / 2.0, 0.0, 0.0, 0.0, 0.0, 0.0, 0.0],
    ],
    [
        [-1.0 / 2.0, 0.0, 0.0, 0.0, 0.0, 0.0, 0.0, 0.0, 0.0],
        [0.0, 0.0, 0.0, 0.0, -1.0 / 2.0, 0.0, 0.0, 0.0, 0.0],
        [0.0, -1.0, 0.0, 0.0, 1.0 / 2.0, 0.0, 0.0, 0.0, 0.0],
    ],
    [
        [-1.0 / 2.0, 0.0, 0.0, 0.0, 0.0, 0.0, 0.0, 0.0, 0.0],
        [0.0, 0.0, 0.0, 0.0, -1.0 / 2.0, 0.0, 0.0, 0.0, 0.0],
        [0.0, 1.0, 0.0, 0.0, -1.0 / 2.0, 0.0, 0.0, 0.0, 0.0],
    ],
];

static MONOCLI_B_VSPU: [[[f64; 9]; 3]; 9] = [
    [
        [-1.0, 0.0, 0.0, 0.0, 0.0, 0.0, 0.0, 0.0, 0.0],
        [0.0, -1.0 / 2.0, 0.0, 0.0, 0.0, 0.0, 0.0, 0.0, 0.0],
        [0.0, 0.0, 0.0, 0.0, 0.0, 0.0, 0.0, 0.0, 0.0],
    ],
    [
        [-1.0 / 2.0, 0.0, 0.0, 0.0, 0.0, 0.0, 0.0, 0.0, 0.0],
        [0.0, 0.0, 0.0, 0.0, 0.0, 0.0, 0.0, 0.0, 0.0],
        [0.0, 0.0, -1.0 / 2.0, 0.0, 0.0, 0.0, 0.0, 0.0, 0.0],
    ],
    [
        [-1.0, 0.0, 0.0, 0.0, 0.0, 0.0, 0.0, 0.0, 0.0],
        [0.0, -1.0 / 2.0, 0.0, 0.0, 0.0, 0.0, 0.0, 0.0, 0.0],
        [0.0, 0.0, 0.0, 0.0, 0.0, 0.0, 0.0, 0.0, 0.0],
    ],
    [
        [-1.0, 0.0, 0.0, 0.0, 0.0, 0.0, 0.0, 0.0, 0.0],
        [0.0, 0.0, 0.0, 0.0, 0.0, 0.0, 0.0, 0.0, 0.0],
        [0.0, 0.0, 0.0, 0.0, 0.0, 0.0, 0.0, 0.0, 0.0],
    ],
    [
        [0.0, 0.0, 0.0, 0.0, 0.0, 0.0, 0.0, 0.0, 0.0],
        [0.0, -1.0 / 2.0, 0.0, 0.0, 0.0, 0.0, 0.0, 0.0, 0.0],
        [0.0, 0.0, 0.0, 0.0, 0.0, 0.0, 0.0, 0.0, 0.0],
    ],
    [
        [-1.0, 0.0, 0.0, 0.0, 0.0, 0.0, 0.0, 0.0, 0.0],
        [0.0, 0.0, 0.0, 0.0, 0.0, 0.0, 0.0, 0.0, 0.0],
        [0.0, 0.0, 0.0, 0.0, 0.0, 0.0, 0.0, 0.0, 0.0],
    ],
    [
        [0.0, 0.0, 0.0, -1.0 / 2.0, 0.0, 0.0, 0.0, 0.0, 0.0],
        [0.0, -1.0 / 2.0, 0.0, 0.0, 0.0, 0.0, 0.0, 0.0, 0.0],
        [-1.0, 0.0, 0.0, 1.0 / 2.0, 0.0, 0.0, 0.0, 0.0, 0.0],
    ],
    [
        [-1.0 / 2.0, 0.0, 0.0, 0.0, 0.0, 0.0, 0.0, 0.0, 0.0],
        [0.0, 0.0, 0.0, 0.0, -1.0 / 2.0, 0.0, 0.0, 0.0, 0.0],
        [0.0, 0.0, -1.0 / 2.0, 0.0, 0.0, 0.0, 0.0, 0.0, 0.0],
    ],
    [
        [0.0, 0.0, 0.0, -1.0 / 2.0, 0.0, 0.0, 0.0, 0.0, 0.0],
        [0.0, -1.0 / 2.0, 0.0, 0.0, 0.0, 0.0, 0.0, 0.0, 0.0],
        [1.0, 0.0, 0.0, -1.0 / 2.0, 0.0, 0.0, 0.0, 0.0, 0.0],
    ],
];

static MONOCLI_C_VSPU: [[[f64; 9]; 3]; 9] = [
    [
        [-1.0, 0.0, 0.0, 0.0, 0.0, 0.0, 0.0, 0.0, 0.0],
        [0.0, 0.0, 0.0, 0.0, 0.0, 0.0, 0.0, 0.0, 0.0],
        [0.0, 0.0, -1.0 / 2.0, 0.0, 0.0, 0.0, 0.0, 0.0, 0.0],
    ],
    [
        [-1.0, 0.0, 0.0, 0.0, 0.0, 0.0, 0.0, 0.0, 0.0],
        [0.0, 0.0, 0.0, 0.0, 0.0, 0.0, 0.0, 0.0, 0.0],
        [0.0, 0.0, -1.0 / 2.0, 0.0, 0.0, 0.0, 0.0, 0.0, 0.0],
    ],
    [
        [-1.0 / 2.0, 0.0, 0.0, 0.0, 0.0, 0.0, 0.0, 0.0, 0.0],
        [0.0, -1.0 / 2.0, 0.0, 0.0, 0.0, 0.0, 0.0, 0.0, 0.0],
        [0.0, 0.0, 0.0, 0.0, 0.0, 0.0, 0.0, 0.0, 0.0],
    ],
    [
        [-1.0, 0.0, 0.0, 0.0, 0.0, 0.0, 0.0, 0.0, 0.0],
        [0.0, 0.0, 0.0, 0.0, 0.0, 0.0, 0.0, 0.0, 0.0],
        [0.0, 0.0, 0.0, 0.0, 0.0, 0.0, 0.0, 0.0, 0.0],
    ],
    [
        [-1.0, 0.0, 0.0, 0.0, 0.0, 0.0, 0.0, 0.0, 0.0],
        [0.0, 0.0, 0.0, 0.0, 0.0, 0.0, 0.0, 0.0, 0.0],
        [0.0, 0.0, 0.0, 0.0, 0.0, 0.0, 0.0, 0.0, 0.0],
    ],
    [
        [0.0, 0.0, 0.0, 0.0, 0.0, 0.0, 0.0, 0.0, 0.0],
        [0.0, 0.0, 0.0, 0.0, 0.0, 0.0, 0.0, 0.0, 0.0],
        [0.0, 0.0, -1.0 / 2.0, 0.0, 0.0, 0.0, 0.0, 0.0, 0.0],
    ],
    [
        [0.0, 0.0, 0.0, -1.0 / 2.0, 0.0, 0.0, 0.0, 0.0, 0.0],
        [1.0, 0.0, 0.0, -1.0 / 2.0, 0.0, 0.0, 0.0, 0.0, 0.0],
        [0.0, 0.0, -1.0 / 2.0, 0.0, 0.0, 0.0, 0.0, 0.0, 0.0],
    ],
    [
        [0.0, 0.0, 0.0, -1.0 / 2.0, 0.0, 0.0, 0.0, 0.0, 0.0],
        [-1.0, 0.0, 0.0, 1.0 / 2.0, 0.0, 0.0, 0.0, 0.0, 0.0],
        [0.0, 0.0, -1.0 / 2.0, 0.0, 0.0, 0.0, 0.0, 0.0, 0.0],
    ],
    [
        [-1.0 / 2.0, 0.0, 0.0, 0.0, 0.0, 0.0, 0.0, 0.0, 0.0],
        [0.0, -1.0 / 2.0, 0.0, 0.0, 0.0, 0.0, 0.0, 0.0, 0.0],
        [0.0, 0.0, 0.0, 0.0, 0.0, -1.0 / 2.0, 0.0, 0.0, 0.0],
    ],
];

static MONOCLI_I_VSPU: [[[f64; 9]; 3]; 9] = [
    [
        [-1.0 / 2.0, 0.0, 0.0, 0.0, 0.0, 0.0, 0.0, 0.0, 0.0],
        [1.0 / 2.0, -1.0, 0.0, 0.0, 0.0, 0.0, 0.0, 0.0, 0.0],
        [0.0, 0.0, 0.0, 0.0, 0.0, 0.0, 0.0, 0.0, 0.0],
    ],
    [
        [-1.0, 1.0 / 2.0, 0.0, 0.0, 0.0, 0.0, 0.0, 0.0, 0.0],
        [0.0, -1.0 / 2.0, 0.0, 0.0, 0.0, 0.0, 0.0, 0.0, 0.0],
        [0.0, 0.0, 0.0, 0.0, 0.0, 0.0, 0.0, 0.0, 0.0],
    ],
    [
        [-1.0, 0.0, 1.0 / 2.0, 0.0, 0.0, 0.0, 0.0, 0.0, 0.0],
        [0.0, 0.0, 0.0, 0.0, 0.0, 0.0, 0.0, 0.0, 0.0],
        [0.0, 0.0, -1.0 / 2.0, 0.0, 0.0, 0.0, 0.0, 0.0, 0.0],
    ],
    [
        [0.0, 1.0, 0.0, 0.0, 0.0, 0.0, 0.0, 0.0, 0.0],
        [0.0, 0.0, 0.0, 0.0, 0.0, 0.0, 0.0, 0.0, 0.0],
        [0.0, 0.0, 0.0, 0.0, 0.0, 0.0, 0.0, 0.0, 0.0],
    ],
    [
        [-1.0, 0.0, 0.0, 0.0, 0.0, 0.0, 0.0, 0.0, 0.0],
        [0.0, 0.0, 0.0, 0.0, 0.0, 0.0, 0.0, 0.0, 0.0],
        [0.0, 0.0, 0.0, 0.0, 0.0, 0.0, 0.0, 0.0, 0.0],
    ],
    [
        [-1.0, 0.0, 0.0, 0.0, 0.0, 0.0, 0.0, 0.0, 0.0],
        [0.0, 0.0, 0.0, 0.0, 0.0, 0.0, 0.0, 0.0, 0.0],
        [0.0, 0.0, 0.0, 0.0, 0.0, 0.0, 0.0, 0.0, 0.0],
    ],
    [
        [0.0, 0.0, 0.0, -1.0 / 2.0, 0.0, 0.0, 0.0, 0.0, 0.0],
        [0.0, -1.0, 0.0, 1.0 / 2.0, 0.0, -1.0 / 2.0, 0.0, 0.0, 0.0],
        [0.0, 0.0, 0.0, 0.0, 0.0, -1.0 / 2.0, 0.0, 0.0, 0.0],
    ],
    [
        [0.0, 0.0, 0.0, -1.0 / 2.0, 0.0, 0.0, 0.0, 0.0, 0.0],
        [0.0, -1.0 / 2.0, 0.0, 0.0, 0.0, 0.0, 0.0, 0.0, 0.0],
        [1.0, -1.0 / 2.0, 0.0, -1.0 / 2.0, 0.0, 0.0, 0.0, 0.0, 0.0],
    ],
    [
        [0.0, 0.0, 0.0, -1.0 / 2.0, 0.0, 0.0, 0.0, 0.0, 0.0],
        [1.0, 0.0, -1.0 / 2.0, -1.0 / 2.0, 0.0, 0.0, 0.0, 0.0, 0.0],
        [0.0, 0.0, -1.0 / 2.0, 0.0, 0.0, 0.0, 0.0, 0.0, 0.0],
    ],
];

static MONOCLI_GENERATORS: [[[i32; 9]; 3]; 9] = [
    [
        [1, 0, 0, 0, -1, 0, 0, 0, -1],
        [0, 0, 0, 0, 0, 0, 0, 0, 0],
        [0, 0, 0, 0, 0, 0, 0, 0, 0],
    ],
    [
        [-1, 0, 0, 0, 1, 0, 0, 0, -1],
        [0, 0, 0, 0, 0, 0, 0, 0, 0],
        [0, 0, 0, 0, 0, 0, 0, 0, 0],
    ],
    [
        [-1, 0, 0, 0, -1, 0, 0, 0, 1],
        [0, 0, 0, 0, 0, 0, 0, 0, 0],
        [0, 0, 0, 0, 0, 0, 0, 0, 0],
    ],
    [
        [-1, 0, 0, 0, 1, 0, 0, 0, 1],
        [0, 0, 0, 0, 0, 0, 0, 0, 0],
        [0, 0, 0, 0, 0, 0, 0, 0, 0],
    ],
    [
        [1, 0, 0, 0, -1, 0, 0, 0, 1],
        [0, 0, 0, 0, 0, 0, 0, 0, 0],
        [0, 0, 0, 0, 0, 0, 0, 0, 0],
    ],
    [
        [1, 0, 0, 0, 1, 0, 0, 0, -1],
        [0, 0, 0, 0, 0, 0, 0, 0, 0],
        [0, 0, 0, 0, 0, 0, 0, 0, 0],
    ],
    [
        [1, 0, 0, 0, -1, 0, 0, 0, -1],
        [-1, 0, 0, 0, -1, 0, 0, 0, -1],
        [0, 0, 0, 0, 0, 0, 0, 0, 0],
    ],
    [
        [-1, 0, 0, 0, 1, 0, 0, 0, -1],
        [-1, 0, 0, 0, -1, 0, 0, 0, -1],
        [0, 0, 0, 0, 0, 0, 0, 0, 0],
    ],
    [
        [-1, 0, 0, 0, -1, 0, 0, 0, 1],
        [-1, 0, 0, 0, -1, 0, 0, 0, -1],
        [0, 0, 0, 0, 0, 0, 0, 0, 0],
    ],
];

static ORTHO_VSPU: [[[f64; 9]; 3]; 5] = [
    [
        [-1.0 / 2.0, 0.0, 0.0, 0.0, 0.0, 0.0, 0.0, 0.0, 0.0],
        [0.0, -1.0 / 2.0, 0.0, 0.0, 0.0, 0.0, 0.0, 0.0, 0.0],
        [0.0, 0.0, 0.0, 0.0, 0.0, -1.0 / 2.0, 0.0, 0.0, 0.0],
    ],
    [
        [-1.0 / 2.0, 0.0, 0.0, 0.0, 0.0, 0.0, 0.0, 0.0, 0.0],
        [0.0, -1.0 / 2.0, 0.0, 0.0, 0.0, 0.0, 0.0, 0.0, 0.0],
        [0.0, 0.0, 0.0, 0.0, 0.0, 0.0, 0.0, 0.0, 0.0],
    ],
    [
        [0.0, 0.0, 0.0, 0.0, 0.0, 0.0, 0.0, 0.0, 0.0],
        [0.0, 0.0, 0.0, 0.0, -1.0 / 2.0, 0.0, 0.0, 0.0, 0.0],
        [0.0, 0.0, -1.0 / 2.0, 0.0, 0.0, 0.0, 0.0, 0.0, 0.0],
    ],
    [
        [0.0, 0.0, 0.0, -1.0 / 2.0, 0.0, 0.0, 0.0, 0.0, 0.0],
        [0.0, 0.0, 0.0, 0.0, 0.0, 0.0, 0.0, 0.0, 0.0],
        [0.0, 0.0, -1.0 / 2.0, 0.0, 0.0, 0.0, 0.0, 0.0, 0.0],
    ],
    [
        [-1.0 / 2.0, 0.0, 0.0, 0.0, 0.0, 0.0, 0.0, 0.0, 0.0],
        [0.0, 0.0, 0.0, 0.0, -1.0 / 2.0, 0.0, 0.0, 0.0, 0.0],
        [0.0, 0.0, 0.0, 0.0, 0.0, -1.0 / 2.0, 0.0, 0.0, 0.0],
    ],
];

static ORTHO_F_VSPU: [[[f64; 9]; 3]; 5] = [
    [
        [
            0.0,
            1.0 / 2.0,
            0.0,
            -1.0 / 4.0,
            -1.0 / 4.0,
            0.0,
            0.0,
            0.0,
            0.0,
        ],
        [
            0.0,
            -1.0 / 2.0,
            0.0,
            -1.0 / 4.0,
            -1.0 / 4.0,
            0.0,
            0.0,
            0.0,
            0.0,
        ],
        [
            0.0,
            -1.0 / 2.0,
            0.0,
            -1.0 / 4.0,
            3.0 / 4.0,
            0.0,
            0.0,
            0.0,
            0.0,
        ],
    ],
    [
        [0.0, 1.0, 0.0, 0.0, -1.0, 0.0, 0.0, 0.0, 0.0],
        [0.0, 0.0, 0.0, 0.0, -1.0, 0.0, 0.0, 0.0, 0.0],
        [0.0, 0.0, 0.0, 0.0, 0.0, 0.0, 0.0, 0.0, 0.0],
    ],
    [
        [0.0, -1.0, 0.0, 0.0, 1.0, 0.0, 0.0, 0.0, 0.0],
        [0.0, 0.0, 0.0, 0.0, -1.0, 0.0, 0.0, 0.0, 0.0],
        [0.0, 0.0, 0.0, 0.0, 0.0, 0.0, 0.0, 0.0, 0.0],
    ],
    [
        [0.0, -1.0, 0.0, 0.0, 1.0, 0.0, 0.0, 0.0, 0.0],
        [0.0, 0.0, 0.0, 0.0, -1.0, 0.0, 0.0, 0.0, 0.0],
        [0.0, 0.0, 0.0, 0.0, 0.0, 0.0, 0.0, 0.0, 0.0],
    ],
    [
        [0.0, 1.0, 0.0, 0.0, 0.0, 0.0, 0.0, -1.0 / 2.0, 0.0],
        [0.0, 0.0, 0.0, 0.0, 0.0, 0.0, 0.0, -1.0 / 2.0, 0.0],
        [0.0, 0.0, 0.0, 0.0, 1.0, 0.0, 0.0, -1.0 / 2.0, 0.0],
    ],
];

static ORTHO_I_VSPU: [[[f64; 9]; 3]; 5] = [
    [
        [0.0, 0.0, 0.0, -1.0 / 2.0, 0.0, 0.0, 0.0, 0.0, 0.0],
        [
            1.0 / 2.0,
            -1.0 / 2.0,
            0.0,
            -1.0 / 2.0,
            0.0,
            0.0,
            0.0,
            0.0,
            0.0,
        ],
        [-1.0 / 2.0, -1.0 / 2.0, 0.0, 0.0, 0.0, 0.0, 0.0, 0.0, 0.0],
    ],
    [
        [-1.0 / 2.0, 0.0, 0.0, 0.0, 1.0 / 2.0, 0.0, 0.0, 0.0, 0.0],
        [0.0, 0.0, 0.0, 0.0, 0.0, 0.0, 0.0, 0.0, 0.0],
        [-1.0 / 2.0, 0.0, 0.0, 0.0, -1.0 / 2.0, 0.0, 0.0, 0.0, 0.0],
    ],
    [
        [0.0, 0.0, 0.0, -1.0 / 2.0, 0.0, 0.0, 0.0, 0.0, 0.0],
        [0.0, -1.0, 0.0, 1.0 / 2.0, 0.0, 0.0, 0.0, 0.0, 0.0],
        [0.0, 0.0, 0.0, 0.0, 0.0, 0.0, 0.0, 0.0, 0.0],
    ],
    [
        [-1.0 / 2.0, 0.0, 0.0, 0.0, 1.0 / 2.0, 0.0, 0.0, 0.0, 0.0],
        [-1.0 / 2.0, 0.0, 0.0, 0.0, -1.0 / 2.0, 0.0, 0.0, 0.0, 0.0],
        [0.0, 0.0, 0.0, 0.0, 0.0, 0.0, 0.0, 0.0, 0.0],
    ],
    [
        [0.0, 0.0, 0.0, 0.0, 0.0, 0.0, -1.0 / 2.0, 0.0, 0.0],
        [0.0, 0.0, -1.0 / 2.0, 0.0, -1.0, 0.0, 1.0 / 2.0, 0.0, 0.0],
        [0.0, 0.0, -1.0 / 2.0, 0.0, 0.0, 0.0, 0.0, 0.0, 0.0],
    ],
];

static ORTHO_A_VSPU: [[[f64; 9]; 3]; 5] = [
    [
        [-1.0 / 2.0, 0.0, 0.0, 0.0, 0.0, 0.0, 0.0, 0.0, 0.0],
        [0.0, 0.0, 0.0, 0.0, -1.0 / 2.0, 0.0, 0.0, 0.0, 0.0],
        [0.0, 1.0, 0.0, 0.0, -1.0 / 2.0, 0.0, 0.0, 0.0, 0.0],
    ],
    [
        [-1.0 / 2.0, 0.0, 0.0, 0.0, 0.0, 0.0, 0.0, 0.0, 0.0],
        [0.0, -1.0, 0.0, 0.0, 0.0, 0.0, 0.0, 0.0, 0.0],
        [0.0, 0.0, 0.0, 0.0, 0.0, 0.0, 0.0, 0.0, 0.0],
    ],
    [
        [0.0, 0.0, 0.0, 0.0, 0.0, 0.0, 0.0, 0.0, 0.0],
        [0.0, 0.0, 0.0, 0.0, -1.0 / 2.0, 0.0, 0.0, 0.0, 0.0],
        [0.0, -1.0, 0.0, 0.0, 1.0 / 2.0, 0.0, 0.0, 0.0, 0.0],
    ],
    [
        [0.0, 0.0, 0.0, -1.0 / 2.0, 0.0, 0.0, 0.0, 0.0, 0.0],
        [0.0, -1.0, 0.0, 0.0, 0.0, 0.0, 0.0, 0.0, 0.0],
        [0.0, 0.0, 0.0, 0.0, 0.0, 0.0, 0.0, 0.0, 0.0],
    ],
    [
        [-1.0 / 2.0, 0.0, 0.0, 0.0, 0.0, 0.0, 0.0, 0.0, 0.0],
        [0.0, -1.0, 0.0, 0.0, 0.0, -1.0 / 2.0, 0.0, 0.0, 0.0],
        [0.0, 0.0, 0.0, 0.0, 0.0, -1.0 / 2.0, 0.0, 0.0, 0.0],
    ],
];

static ORTHO_B_VSPU: [[[f64; 9]; 3]; 5] = [
    [
        [-1.0 / 2.0, 0.0, 0.0, -1.0 / 2.0, 0.0, 0.0, 0.0, 0.0, 0.0],
        [0.0, -1.0 / 2.0, 0.0, 0.0, 0.0, 0.0, 0.0, 0.0, 0.0],
        [1.0 / 2.0, 0.0, 0.0, -1.0 / 2.0, 0.0, 0.0, 0.0, 0.0, 0.0],
    ],
    [
        [0.0, 0.0, 0.0, -1.0, 0.0, 0.0, 0.0, 0.0, 0.0],
        [0.0, -1.0 / 2.0, 0.0, 0.0, 0.0, 0.0, 0.0, 0.0, 0.0],
        [0.0, 0.0, 0.0, 0.0, 0.0, 0.0, 0.0, 0.0, 0.0],
    ],
    [
        [0.0, 0.0, 0.0, -1.0, 0.0, 0.0, 0.0, 0.0, 0.0],
        [0.0, 0.0, 0.0, 0.0, -1.0 / 2.0, 0.0, 0.0, 0.0, 0.0],
        [0.0, 0.0, 0.0, 0.0, 0.0, 0.0, 0.0, 0.0, 0.0],
    ],
    [
        [-1.0 / 2.0, 0.0, 0.0, -1.0 / 2.0, 0.0, 0.0, 0.0, 0.0, 0.0],
        [0.0, 0.0, 0.0, 0.0, 0.0, 0.0, 0.0, 0.0, 0.0],
        [-1.0 / 2.0, 0.0, 0.0, 1.0 / 2.0, 0.0, 0.0, 0.0, 0.0, 0.0],
    ],
    [
        [0.0, 0.0, 0.0, 0.0, 0.0, 0.0, -1.0 / 2.0, 0.0, 0.0],
        [0.0, 0.0, 0.0, 0.0, -1.0 / 2.0, 0.0, 0.0, 0.0, 0.0],
        [0.0, 0.0, 0.0, -1.0, 0.0, 0.0, 1.0 / 2.0, 0.0, 0.0],
    ],
];

static ORTHO_C_VSPU: [[[f64; 9]; 3]; 5] = [
    [
        [-1.0 / 2.0, 0.0, 0.0, 0.0, 0.0, 0.0, 0.0, 0.0, 0.0],
        [-1.0 / 2.0, 0.0, 0.0, 1.0, 0.0, 0.0, 0.0, 0.0, 0.0],
        [0.0, 0.0, 0.0, 0.0, 0.0, -1.0 / 2.0, 0.0, 0.0, 0.0],
    ],
    [
        [-1.0 / 2.0, 0.0, 0.0, 0.0, 0.0, 0.0, 0.0, 0.0, 0.0],
        [1.0 / 2.0, 0.0, 0.0, -1.0, 0.0, 0.0, 0.0, 0.0, 0.0],
        [0.0, 0.0, 0.0, 0.0, 0.0, 0.0, 0.0, 0.0, 0.0],
    ],
    [
        [0.0, 0.0, 0.0, -1.0, 0.0, 0.0, 0.0, 0.0, 0.0],
        [0.0, 0.0, 0.0, 0.0, 0.0, 0.0, 0.0, 0.0, 0.0],
        [0.0, 0.0, -1.0 / 2.0, 0.0, 0.0, 0.0, 0.0, 0.0, 0.0],
    ],
    [
        [0.0, 0.0, 0.0, -1.0, 0.0, 0.0, 0.0, 0.0, 0.0],
        [0.0, 0.0, 0.0, 0.0, 0.0, 0.0, 0.0, 0.0, 0.0],
        [0.0, 0.0, -1.0 / 2.0, 0.0, 0.0, 0.0, 0.0, 0.0, 0.0],
    ],
    [
        [0.0, 0.0, 0.0, 0.0, 0.0, 0.0, -1.0 / 2.0, 0.0, 0.0],
        [0.0, 0.0, 0.0, 1.0, 0.0, 0.0, -1.0 / 2.0, 0.0, 0.0],
        [0.0, 0.0, 0.0, 0.0, 0.0, -1.0 / 2.0, 0.0, 0.0, 0.0],
    ],
];

static ORTHO_GENERATORS: [[[i32; 9]; 3]; 5] = [
    [
        [-1, 0, 0, 0, -1, 0, 0, 0, 1],
        [1, 0, 0, 0, -1, 0, 0, 0, -1],
        [0, 0, 0, 0, 0, 0, 0, 0, 0],
    ],
    [
        [-1, 0, 0, 0, -1, 0, 0, 0, 1],
        [-1, 0, 0, 0, 1, 0, 0, 0, 1],
        [0, 0, 0, 0, 0, 0, 0, 0, 0],
    ],
    [
        [1, 0, 0, 0, 1, 0, 0, 0, -1],
        [1, 0, 0, 0, -1, 0, 0, 0, -1],
        [0, 0, 0, 0, 0, 0, 0, 0, 0],
    ],
    [
        [1, 0, 0, 0, 1, 0, 0, 0, -1],
        [-1, 0, 0, 0, 1, 0, 0, 0, 1],
        [0, 0, 0, 0, 0, 0, 0, 0, 0],
    ],
    [
        [-1, 0, 0, 0, -1, 0, 0, 0, 1],
        [1, 0, 0, 0, -1, 0, 0, 0, -1],
        [-1, 0, 0, 0, -1, 0, 0, 0, -1],
    ],
];

static TETRA_VSPU: [[[f64; 9]; 3]; 8] = [
    [
        [-1.0 / 2.0, 1.0 / 2.0, 0.0, 0.0, 0.0, 0.0, 0.0, 0.0, 0.0],
        [-1.0 / 2.0, -1.0 / 2.0, 0.0, 0.0, 0.0, 0.0, 0.0, 0.0, 0.0],
        [0.0, 0.0, 0.0, 0.0, 0.0, 0.0, 0.0, 0.0, 0.0],
    ],
    [
        [-1.0, 0.0, 0.0, 0.0, 1.0 / 2.0, 0.0, 0.0, 0.0, 0.0],
        [0.0, 0.0, 0.0, 0.0, -1.0 / 2.0, 0.0, 0.0, 0.0, 0.0],
        [0.0, 0.0, 0.0, 0.0, 0.0, -1.0 / 2.0, 0.0, 0.0, 0.0],
    ],
    [
        [0.0, 0.0, 0.0, -1.0 / 2.0, 0.0, 0.0, 0.0, 0.0, 0.0],
        [-1.0, 0.0, 0.0, 1.0 / 2.0, 0.0, 0.0, 0.0, 0.0, 0.0],
        [0.0, 0.0, 0.0, 0.0, 0.0, 0.0, 0.0, 0.0, 0.0],
    ],
    [
        [-1.0 / 2.0, -1.0 / 2.0, 0.0, 0.0, 0.0, 0.0, 0.0, 0.0, 0.0],
        [1.0 / 2.0, -1.0 / 2.0, 0.0, 0.0, 0.0, 0.0, 0.0, 0.0, 0.0],
        [0.0, 0.0, -1.0 / 2.0, 0.0, 0.0, 0.0, 0.0, 0.0, 0.0],
    ],
    [
        [-1.0, 0.0, 0.0, 0.0, -1.0 / 2.0, 0.0, 0.0, 0.0, 0.0],
        [0.0, 0.0, 0.0, 0.0, -1.0 / 2.0, 0.0, 0.0, 0.0, 0.0],
        [0.0, 0.0, -1.0 / 2.0, 0.0, 0.0, 0.0, 0.0, 0.0, 0.0],
    ],
    [
        [0.0, 0.0, 0.0, -1.0 / 2.0, 0.0, 0.0, 0.0, 0.0, 0.0],
        [1.0, 0.0, 0.0, -1.0 / 2.0, 0.0, 0.0, 0.0, 0.0, 0.0],
        [0.0, 0.0, -1.0 / 2.0, 0.0, 0.0, 0.0, 0.0, 0.0, 0.0],
    ],
    [
        [0.0, 0.0, 0.0, -1.0 / 2.0, 0.0, 0.0, 0.0, 0.0, 0.0],
        [-1.0, 0.0, 0.0, 1.0 / 2.0, 0.0, 0.0, 0.0, 0.0, 0.0],
        [0.0, 0.0, 0.0, 0.0, 0.0, -1.0 / 2.0, 0.0, 0.0, 0.0],
    ],
    [
        [-1.0, 0.0, 0.0, 0.0, 1.0 / 2.0, 0.0, 0.0, 0.0, 0.0],
        [0.0, 0.0, 0.0, 0.0, -1.0 / 2.0, 0.0, 0.0, 0.0, 0.0],
        [0.0, 0.0, 0.0, 0.0, 0.0, -1.0 / 2.0, 0.0, 0.0, 0.0],
    ],
];

static TETRA_I_VSPU: [[[f64; 9]; 3]; 8] = [
    [
        [-1.0, 0.0, 0.0, 0.0, 0.0, 0.0, 0.0, 0.0, 0.0],
        [0.0, 0.0, 0.0, 0.0, 0.0, 0.0, 0.0, 0.0, 0.0],
        [0.0, -1.0, 0.0, 0.0, 0.0, 0.0, 0.0, 0.0, 0.0],
    ],
    [
        [0.0, 0.0, 0.0, -1.0 / 2.0, 0.0, 0.0, 0.0, 0.0, 0.0],
        [1.0, 0.0, 0.0, -1.0 / 2.0, 0.0, 0.0, 0.0, 0.0, 0.0],
        [1.0, 0.0, -1.0, 0.0, 0.0, 0.0, 0.0, 0.0, 0.0],
    ],
    [
        [-1.0, 0.0, 0.0, 0.0, 0.0, 0.0, 0.0, 0.0, 0.0],
        [0.0, 0.0, 0.0, 0.0, 0.0, 0.0, 0.0, 0.0, 0.0],
        [-1.0, 0.0, 0.0, 0.0, -1.0, 0.0, 0.0, 0.0, 0.0],
    ],
    [
        [
            -3.0 / 4.0,
            1.0 / 4.0,
            1.0 / 4.0,
            0.0,
            0.0,
            0.0,
            0.0,
            0.0,
            0.0,
        ],
        [
            -1.0 / 4.0,
            -1.0 / 4.0,
            -1.0 / 4.0,
            0.0,
            0.0,
            0.0,
            0.0,
            0.0,
            0.0,
        ],
        [
            -1.0 / 2.0,
            1.0 / 2.0,
            -1.0 / 2.0,
            0.0,
            0.0,
            0.0,
            0.0,
            0.0,
            0.0,
        ],
    ],
    [
        [0.0, 0.0, 0.0, -1.0 / 2.0, 0.0, 0.0, 0.0, 0.0, 0.0],
        [-1.0, 0.0, 0.0, 1.0 / 2.0, 0.0, 0.0, 0.0, 0.0, 0.0],
        [1.0, 0.0, -1.0, -1.0, 0.0, 0.0, 0.0, 0.0, 0.0],
    ],
    [
        [
            -3.0 / 4.0,
            1.0 / 4.0,
            0.0,
            0.0,
            1.0 / 4.0,
            0.0,
            0.0,
            0.0,
            0.0,
        ],
        [
            -1.0 / 4.0,
            -1.0 / 4.0,
            0.0,
            0.0,
            -1.0 / 4.0,
            0.0,
            0.0,
            0.0,
            0.0,
        ],
        [
            -1.0 / 2.0,
            1.0 / 2.0,
            0.0,
            0.0,
            -1.0 / 2.0,
            0.0,
            0.0,
            0.0,
            0.0,
        ],
    ],
    [
        [0.0, 2.0, 0.0, -1.0 / 2.0, 0.0, -1.0, 0.0, 0.0, 0.0],
        [1.0, 0.0, 0.0, -1.0 / 2.0, 0.0, 0.0, 0.0, 0.0, 0.0],
        [0.0, -1.0, 0.0, 0.0, 0.0, 0.0, 0.0, 0.0, 0.0],
    ],
    [
        [-1.0, 0.0, 0.0, 0.0, -1.0, 0.0, 1.0 / 2.0, 0.0, -1.0 / 2.0],
        [0.0, 0.0, 0.0, 0.0, -1.0, 0.0, 1.0 / 2.0, 0.0, -1.0 / 2.0],
        [1.0, 0.0, 0.0, 0.0, 1.0, 0.0, -1.0, 0.0, 0.0],
    ],
];

static TETRA_GENERATORS: [[[i32; 9]; 3]; 8] = [
    [
        [0, -1, 0, 1, 0, 0, 0, 0, 1],
        [0, 0, 0, 0, 0, 0, 0, 0, 0],
        [0, 0, 0, 0, 0, 0, 0, 0, 0],
    ],
    [
        [0, -1, 0, 1, 0, 0, 0, 0, 1],
        [1, 0, 0, 0, -1, 0, 0, 0, -1],
        [0, 0, 0, 0, 0, 0, 0, 0, 0],
    ],
    [
        [0, -1, 0, 1, 0, 0, 0, 0, 1],
        [-1, 0, 0, 0, 1, 0, 0, 0, 1],
        [0, 0, 0, 0, 0, 0, 0, 0, 0],
    ],
    [
        [0, 1, 0, -1, 0, 0, 0, 0, -1],
        [0, 0, 0, 0, 0, 0, 0, 0, 0],
        [0, 0, 0, 0, 0, 0, 0, 0, 0],
    ],
    [
        [0, 1, 0, -1, 0, 0, 0, 0, -1],
        [1, 0, 0, 0, -1, 0, 0, 0, -1],
        [0, 0, 0, 0, 0, 0, 0, 0, 0],
    ],
    [
        [0, 1, 0, -1, 0, 0, 0, 0, -1],
        [-1, 0, 0, 0, 1, 0, 0, 0, 1],
        [0, 0, 0, 0, 0, 0, 0, 0, 0],
    ],
    [
        [0, -1, 0, 1, 0, 0, 0, 0, 1],
        [-1, 0, 0, 0, -1, 0, 0, 0, -1],
        [0, 0, 0, 0, 0, 0, 0, 0, 0],
    ],
    [
        [0, -1, 0, 1, 0, 0, 0, 0, 1],
        [1, 0, 0, 0, -1, 0, 0, 0, -1],
        [-1, 0, 0, 0, -1, 0, 0, 0, -1],
    ],
];

static TRIGO_VSPU: [[[f64; 9]; 3]; 13] = [
    [
        [-2.0 / 3.0, 1.0 / 3.0, 0.0, 0.0, 0.0, 0.0, 0.0, 0.0, 0.0],
        [-1.0 / 3.0, -1.0 / 3.0, 0.0, 0.0, 0.0, 0.0, 0.0, 0.0, 0.0],
        [0.0, 0.0, 0.0, 0.0, 0.0, 0.0, 0.0, 0.0, 0.0],
    ],
    [
        [0.0, 1.0 / 3.0, 0.0, -2.0 / 3.0, 0.0, 0.0, 0.0, 0.0, 0.0],
        [0.0, -1.0 / 3.0, 0.0, -1.0 / 3.0, 0.0, 0.0, 0.0, 0.0, 0.0],
        [0.0, 0.0, 0.0, 0.0, 0.0, -1.0 / 2.0, 0.0, 0.0, 0.0],
    ],
    [
        [0.0, -1.0, 0.0, -2.0, 0.0, 0.0, 0.0, 0.0, 0.0],
        [0.0, -1.0, 0.0, -1.0, 0.0, 0.0, 0.0, 0.0, 0.0],
        [0.0, 0.0, 0.0, 0.0, 0.0, -1.0 / 2.0, 0.0, 0.0, 0.0],
    ],
    [
        [0.0, -1.0, 0.0, -2.0, 0.0, 0.0, 0.0, 0.0, 0.0],
        [0.0, -1.0, 0.0, -1.0, 0.0, 0.0, 0.0, 0.0, 0.0],
        [0.0, 0.0, 0.0, 0.0, 0.0, 0.0, 0.0, 0.0, 0.0],
    ],
    [
        [0.0, 1.0 / 3.0, 0.0, -2.0 / 3.0, 0.0, 0.0, 0.0, 0.0, 0.0],
        [0.0, -1.0 / 3.0, 0.0, -1.0 / 3.0, 0.0, 0.0, 0.0, 0.0, 0.0],
        [0.0, 0.0, 0.0, 0.0, 0.0, 0.0, 0.0, 0.0, 0.0],
    ],
    [
        [0.0, -1.0, 0.0, 0.0, 0.0, 0.0, 0.0, 0.0, 0.0],
        [1.0, -1.0, 0.0, 0.0, 0.0, 0.0, 0.0, 0.0, 0.0],
        [0.0, 0.0, -1.0 / 2.0, 0.0, 0.0, 0.0, 0.0, 0.0, 0.0],
    ],
    [
        [0.0, -1.0, 0.0, 0.0, 0.0, 0.0, 0.0, 0.0, 0.0],
        [0.0, 1.0, 0.0, -1.0, 0.0, 0.0, 0.0, 0.0, 0.0],
        [0.0, 0.0, -1.0 / 2.0, 0.0, 0.0, 0.0, 0.0, 0.0, 0.0],
    ],
    [
        [0.0, -1.0, 0.0, 0.0, 0.0, 0.0, 0.0, 0.0, 0.0],
        [0.0, -1.0, 0.0, 1.0, 0.0, 0.0, 0.0, 0.0, 0.0],
        [0.0, 0.0, -1.0 / 2.0, 0.0, 0.0, 0.0, 0.0, 0.0, 0.0],
    ],
    [
        [0.0, -1.0, 0.0, 0.0, 0.0, 0.0, 0.0, 0.0, 0.0],
        [0.0, -1.0, 0.0, 1.0, 0.0, 0.0, 0.0, 0.0, 0.0],
        [0.0, 0.0, -1.0 / 2.0, 0.0, 0.0, 0.0, 0.0, 0.0, 0.0],
    ],
    [
        [0.0, -1.0, 0.0, 0.0, 0.0, 0.0, 0.0, 0.0, 0.0],
        [0.0, 1.0, 0.0, -1.0, 0.0, 0.0, 0.0, 0.0, 0.0],
        [0.0, 0.0, -1.0 / 2.0, 0.0, 0.0, 0.0, 0.0, 0.0, 0.0],
    ],
    [
        [-6.0, 3.0, 0.0, 4.0, 0.0, 0.0, 0.0, 0.0, 0.0],
        [-3.0, 1.0, 0.0, 2.0, 0.0, 0.0, 0.0, 0.0, 0.0],
        [0.0, 0.0, 0.0, 0.0, 0.0, -1.0 / 2.0, 0.0, 0.0, 0.0],
    ],
    [
        [0.0, 1.0, 0.0, -2.0, 0.0, 0.0, 1.0, 0.0, 0.0],
        [0.0, -1.0, 0.0, 1.0, 0.0, 0.0, -1.0, 0.0, 0.0],
        [0.0, 0.0, 0.0, 0.0, 0.0, -1.0 / 2.0, 0.0, 0.0, 0.0],
    ],
    [
        [0.0, -1.0, 0.0, -2.0, 0.0, 0.0, 0.0, 0.0, 0.0],
        [0.0, -1.0, 0.0, -1.0, 0.0, 0.0, 0.0, 0.0, 0.0],
        [0.0, 0.0, 0.0, 0.0, 0.0, -1.0 / 2.0, 0.0, 0.0, 0.0],
    ],
];

static TRIGO_GENERATORS: [[[i32; 9]; 3]; 13] = [
    [
        [0, -1, 0, 1, -1, 0, 0, 0, 1],
        [0, 0, 0, 0, 0, 0, 0, 0, 0],
        [0, 0, 0, 0, 0, 0, 0, 0, 0],
    ],
    [
        [0, -1, 0, 1, -1, 0, 0, 0, 1],
        [0, -1, 0, -1, 0, 0, 0, 0, -1],
        [0, 0, 0, 0, 0, 0, 0, 0, 0],
    ],
    [
        [0, -1, 0, 1, -1, 0, 0, 0, 1],
        [0, 1, 0, 1, 0, 0, 0, 0, -1],
        [0, 0, 0, 0, 0, 0, 0, 0, 0],
    ],
    [
        [0, -1, 0, 1, -1, 0, 0, 0, 1],
        [0, 1, 0, 1, 0, 0, 0, 0, 1],
        [0, 0, 0, 0, 0, 0, 0, 0, 0],
    ],
    [
        [0, -1, 0, 1, -1, 0, 0, 0, 1],
        [0, -1, 0, -1, 0, 0, 0, 0, 1],
        [0, 0, 0, 0, 0, 0, 0, 0, 0],
    ],
    [
        [0, 1, 0, -1, 1, 0, 0, 0, -1],
        [0, 0, 0, 0, 0, 0, 0, 0, 0],
        [0, 0, 0, 0, 0, 0, 0, 0, 0],
    ],
    [
        [0, 1, 0, -1, 1, 0, 0, 0, -1],
        [0, -1, 0, -1, 0, 0, 0, 0, -1],
        [0, 0, 0, 0, 0, 0, 0, 0, 0],
    ],
    [
        [0, 1, 0, -1, 1, 0, 0, 0, -1],
        [0, 1, 0, 1, 0, 0, 0, 0, -1],
        [0, 0, 0, 0, 0, 0, 0, 0, 0],
    ],
    [
        [0, 1, 0, -1, 1, 0, 0, 0, -1],
        [0, 1, 0, 1, 0, 0, 0, 0, 1],
        [0, 0, 0, 0, 0, 0, 0, 0, 0],
    ],
    [
        [0, 1, 0, -1, 1, 0, 0, 0, -1],
        [0, -1, 0, -1, 0, 0, 0, 0, 1],
        [0, 0, 0, 0, 0, 0, 0, 0, 0],
    ],
    [
        [0, -1, 0, 1, -1, 0, 0, 0, 1],
        [-1, 0, 0, 0, -1, 0, 0, 0, -1],
        [0, 0, 0, 0, 0, 0, 0, 0, 0],
    ],
    [
        [0, -1, 0, 1, -1, 0, 0, 0, 1],
        [0, -1, 0, -1, 0, 0, 0, 0, -1],
        [-1, 0, 0, 0, -1, 0, 0, 0, -1],
    ],
    [
        [0, -1, 0, 1, -1, 0, 0, 0, 1],
        [0, 1, 0, 1, 0, 0, 0, 0, -1],
        [-1, 0, 0, 0, -1, 0, 0, 0, -1],
    ],
];

static RHOMBO_H_VSPU: [[[f64; 9]; 3]; 8] = [
    [
        [-1.0, 0.0, 0.0, 0.0, 0.0, 0.0, 0.0, 0.0, 0.0],
        [0.0, 0.0, 1.0, 0.0, 0.0, 0.0, 0.0, 0.0, 0.0],
        [0.0, 0.0, 0.0, 0.0, 0.0, 0.0, 0.0, 0.0, 0.0],
    ],
    [
        [-1.0 / 2.0, 0.0, 0.0, -1.0 / 2.0, 0.0, 0.0, 0.0, 0.0, 0.0],
        [-1.0 / 2.0, -1.0, 0.0, -1.0 / 2.0, 0.0, 0.0, 0.0, 0.0, 0.0],
        [1.0 / 2.0, 0.0, 0.0, -1.0 / 2.0, 0.0, 0.0, 0.0, 0.0, 0.0],
    ],
    [
        [0.0, 0.0, 0.0, -1.0, 0.0, 0.0, 0.0, 0.0, 0.0],
        [0.0, -1.0, 0.0, -1.0, 0.0, 0.0, 0.0, 0.0, 0.0],
        [0.0, 0.0, 0.0, 0.0, 0.0, 0.0, 0.0, 0.0, 0.0],
    ],
    [
        [
            -1.0 / 2.0,
            -1.0 / 2.0,
            1.0 / 2.0,
            0.0,
            0.0,
            0.0,
            0.0,
            0.0,
            0.0,
        ],
        [
            1.0 / 2.0,
            -1.0 / 2.0,
            -1.0 / 2.0,
            0.0,
            0.0,
            0.0,
            0.0,
            0.0,
            0.0,
        ],
        [
            -1.0 / 2.0,
            1.0 / 2.0,
            -1.0 / 2.0,
            0.0,
            0.0,
            0.0,
            0.0,
            0.0,
            0.0,
        ],
    ],
    [
        [0.0, -1.0, 0.0, 0.0, 1.0 / 2.0, 0.0, 0.0, 0.0, 0.0],
        [0.0, 0.0, 0.0, 0.0, -1.0 / 2.0, 0.0, 0.0, 0.0, 0.0],
        [0.0, 1.0, 0.0, -1.0, -1.0 / 2.0, 0.0, 0.0, 0.0, 0.0],
    ],
    [
        [-1.0 / 2.0, 0.0, 0.0, -1.0 / 2.0, 0.0, 0.0, 0.0, 0.0, 0.0],
        [1.0 / 2.0, -1.0, 0.0, 1.0 / 2.0, 0.0, 0.0, 0.0, 0.0, 0.0],
        [-1.0 / 2.0, 0.0, 0.0, 1.0 / 2.0, 0.0, 0.0, 0.0, 0.0, 0.0],
    ],
    [
        [0.0, 0.0, 0.0, -1.0 / 2.0, 0.0, 0.0, 0.0, 0.0, 0.0],
        [1.0, 0.0, 1.0, -1.0 / 2.0, 0.0, 0.0, 0.0, 0.0, 0.0],
        [1.0, 0.0, 0.0, -1.0 / 2.0, 0.0, 0.0, 0.0, 0.0, 0.0],
    ],
    [
        [0.0, 0.0, 0.0, 0.0, 0.0, 0.0, -1.0 / 2.0, 0.0, 0.0],
        [0.0, -1.0, 0.0, 0.0, 0.0, 0.0, -1.0 / 2.0, 0.0, 0.0],
        [0.0, 0.0, 0.0, -1.0, 0.0, 0.0, 1.0 / 2.0, 0.0, 0.0],
    ],
];

static RHOMBO_H_GENERATORS: [[[i32; 9]; 3]; 8] = [
    [
        [0, -1, 0, 1, -1, 0, 0, 0, 1],
        [0, 0, 0, 0, 0, 0, 0, 0, 0],
        [0, 0, 0, 0, 0, 0, 0, 0, 0],
    ],
    [
        [0, -1, 0, 1, -1, 0, 0, 0, 1],
        [0, 1, 0, 1, 0, 0, 0, 0, -1],
        [0, 0, 0, 0, 0, 0, 0, 0, 0],
    ],
    [
        [0, -1, 0, 1, -1, 0, 0, 0, 1],
        [0, -1, 0, -1, 0, 0, 0, 0, 1],
        [0, 0, 0, 0, 0, 0, 0, 0, 0],
    ],
    [
        [0, 1, 0, -1, 1, 0, 0, 0, -1],
        [0, 0, 0, 0, 0, 0, 0, 0, 0],
        [0, 0, 0, 0, 0, 0, 0, 0, 0],
    ],
    [
        [0, 1, 0, -1, 1, 0, 0, 0, -1],
        [0, 1, 0, 1, 0, 0, 0, 0, -1],
        [0, 0, 0, 0, 0, 0, 0, 0, 0],
    ],
    [
        [0, 1, 0, -1, 1, 0, 0, 0, -1],
        [0, -1, 0, -1, 0, 0, 0, 0, 1],
        [0, 0, 0, 0, 0, 0, 0, 0, 0],
    ],
    [
        [0, -1, 0, 1, -1, 0, 0, 0, 1],
        [-1, 0, 0, 0, -1, 0, 0, 0, -1],
        [0, 0, 0, 0, 0, 0, 0, 0, 0],
    ],
    [
        [0, -1, 0, 1, -1, 0, 0, 0, 1],
        [0, 1, 0, 1, 0, 0, 0, 0, -1],
        [-1, 0, 0, 0, -1, 0, 0, 0, -1],
    ],
];

static RHOMBO_P_VSPU: [[[f64; 9]; 3]; 8] = [
    [
        [-1.0, 0.0, 0.0, 0.0, 0.0, 0.0, 0.0, 0.0, 0.0],
        [0.0, 0.0, 1.0, 0.0, 0.0, 0.0, 0.0, 0.0, 0.0],
        [0.0, 0.0, 0.0, 0.0, 0.0, 0.0, 0.0, 0.0, 0.0],
    ],
    [
        [-1.0 / 2.0, 0.0, 0.0, -1.0 / 2.0, 0.0, 0.0, 0.0, 0.0, 0.0],
        [-1.0 / 2.0, -1.0, 0.0, -1.0 / 2.0, 0.0, 0.0, 0.0, 0.0, 0.0],
        [1.0 / 2.0, 0.0, 0.0, -1.0 / 2.0, 0.0, 0.0, 0.0, 0.0, 0.0],
    ],
    [
        [0.0, 0.0, 0.0, -1.0, 0.0, 0.0, 0.0, 0.0, 0.0],
        [0.0, -1.0, 0.0, -1.0, 0.0, 0.0, 0.0, 0.0, 0.0],
        [0.0, 0.0, 0.0, 0.0, 0.0, 0.0, 0.0, 0.0, 0.0],
    ],
    [
        [
            -1.0 / 2.0,
            -1.0 / 2.0,
            1.0 / 2.0,
            0.0,
            0.0,
            0.0,
            0.0,
            0.0,
            0.0,
        ],
        [
            1.0 / 2.0,
            -1.0 / 2.0,
            -1.0 / 2.0,
            0.0,
            0.0,
            0.0,
            0.0,
            0.0,
            0.0,
        ],
        [
            -1.0 / 2.0,
            1.0 / 2.0,
            -1.0 / 2.0,
            0.0,
            0.0,
            0.0,
            0.0,
            0.0,
            0.0,
        ],
    ],
    [
        [0.0, -1.0, 0.0, 0.0, 1.0 / 2.0, 0.0, 0.0, 0.0, 0.0],
        [0.0, 0.0, 0.0, 0.0, -1.0 / 2.0, 0.0, 0.0, 0.0, 0.0],
        [0.0, 1.0, 0.0, -1.0, -1.0 / 2.0, 0.0, 0.0, 0.0, 0.0],
    ],
    [
        [-1.0 / 2.0, 0.0, 0.0, -1.0 / 2.0, 0.0, 0.0, 0.0, 0.0, 0.0],
        [1.0 / 2.0, -1.0, 0.0, 1.0 / 2.0, 0.0, 0.0, 0.0, 0.0, 0.0],
        [-1.0 / 2.0, 0.0, 0.0, 1.0 / 2.0, 0.0, 0.0, 0.0, 0.0, 0.0],
    ],
    [
        [0.0, 0.0, 0.0, -1.0 / 2.0, 0.0, 0.0, 0.0, 0.0, 0.0],
        [1.0, 0.0, 1.0, -1.0 / 2.0, 0.0, 0.0, 0.0, 0.0, 0.0],
        [1.0, 0.0, 0.0, -1.0 / 2.0, 0.0, 0.0, 0.0, 0.0, 0.0],
    ],
    [
        [0.0, 0.0, 0.0, 0.0, 0.0, 0.0, -1.0 / 2.0, 0.0, 0.0],
        [0.0, -1.0, 0.0, 0.0, 0.0, 0.0, -1.0 / 2.0, 0.0, 0.0],
        [0.0, 0.0, 0.0, -1.0, 0.0, 0.0, 1.0 / 2.0, 0.0, 0.0],
    ],
];

static RHOMBO_P_GENERATORS: [[[i32; 9]; 3]; 8] = [
    [
        [0, 0, 1, 1, 0, 0, 0, 1, 0],
        [0, 0, 0, 0, 0, 0, 0, 0, 0],
        [0, 0, 0, 0, 0, 0, 0, 0, 0],
    ],
    [
        [0, 0, 1, 1, 0, 0, 0, 1, 0],
        [0, 0, -1, 0, -1, 0, -1, 0, 0],
        [0, 0, 0, 0, 0, 0, 0, 0, 0],
    ],
    [
        [0, 0, 1, 1, 0, 0, 0, 1, 0],
        [0, 0, 1, 0, 1, 0, 1, 0, 0],
        [0, 0, 0, 0, 0, 0, 0, 0, 0],
    ],
    [
        [0, 0, -1, -1, 0, 0, 0, -1, 0],
        [0, 0, 0, 0, 0, 0, 0, 0, 0],
        [0, 0, 0, 0, 0, 0, 0, 0, 0],
    ],
    [
        [0, 0, -1, -1, 0, 0, 0, -1, 0],
        [0, 0, -1, 0, -1, 0, -1, 0, 0],
        [0, 0, 0, 0, 0, 0, 0, 0, 0],
    ],
    [
        [0, 0, -1, -1, 0, 0, 0, -1, 0],
        [0, 0, 1, 0, 1, 0, 1, 0, 0],
        [0, 0, 0, 0, 0, 0, 0, 0, 0],
    ],
    [
        [0, 0, 1, 1, 0, 0, 0, 1, 0],
        [-1, 0, 0, 0, -1, 0, 0, 0, -1],
        [0, 0, 0, 0, 0, 0, 0, 0, 0],
    ],
    [
        [0, 0, 1, 1, 0, 0, 0, 1, 0],
        [0, 0, -1, 0, -1, 0, -1, 0, 0],
        [-1, 0, 0, 0, -1, 0, 0, 0, -1],
    ],
];

static HEXA_VSPU: [[[f64; 9]; 3]; 8] = [
    [
        [-1.0, 1.0, 0.0, 0.0, 0.0, 0.0, 0.0, 0.0, 0.0],
        [-1.0, 0.0, 0.0, 0.0, 0.0, 0.0, 0.0, 0.0, 0.0],
        [0.0, 0.0, 0.0, 0.0, 0.0, 0.0, 0.0, 0.0, 0.0],
    ],
    [
        [1.0, 0.0, 0.0, -1.0, 0.0, 0.0, 0.0, 0.0, 0.0],
        [-1.0, 0.0, 0.0, 0.0, 0.0, 0.0, 0.0, 0.0, 0.0],
        [0.0, 0.0, 0.0, 0.0, 0.0, -1.0 / 2.0, 0.0, 0.0, 0.0],
    ],
    [
        [-1.0, 0.0, 0.0, -1.0, 0.0, 0.0, 0.0, 0.0, 0.0],
        [-1.0, 0.0, 0.0, 0.0, 0.0, 0.0, 0.0, 0.0, 0.0],
        [0.0, 0.0, 0.0, 0.0, 0.0, 0.0, 0.0, 0.0, 0.0],
    ],
    [
        [-1.0 / 3.0, -1.0 / 3.0, 0.0, 0.0, 0.0, 0.0, 0.0, 0.0, 0.0],
        [1.0 / 3.0, -2.0 / 3.0, 0.0, 0.0, 0.0, 0.0, 0.0, 0.0, 0.0],
        [0.0, 0.0, -1.0 / 2.0, 0.0, 0.0, 0.0, 0.0, 0.0, 0.0],
    ],
    [
        [-1.0 / 3.0, 0.0, 0.0, -1.0 / 3.0, 0.0, 0.0, 0.0, 0.0, 0.0],
        [1.0 / 3.0, 0.0, 0.0, -2.0 / 3.0, 0.0, 0.0, 0.0, 0.0, 0.0],
        [0.0, 0.0, -1.0 / 2.0, 0.0, 0.0, 0.0, 0.0, 0.0, 0.0],
    ],
    [
        [-1.0, 0.0, 0.0, 1.0, 0.0, 0.0, 0.0, 0.0, 0.0],
        [-1.0, 0.0, 0.0, 2.0, 0.0, 0.0, 0.0, 0.0, 0.0],
        [0.0, 0.0, -1.0 / 2.0, 0.0, 0.0, 0.0, 0.0, 0.0, 0.0],
    ],
    [
        [-1.0, 1.0, 0.0, 0.0, 0.0, 0.0, 0.0, 0.0, 0.0],
        [-1.0, 0.0, 0.0, 0.0, 0.0, 0.0, 0.0, 0.0, 0.0],
        [0.0, 0.0, 0.0, 0.0, 0.0, -1.0 / 2.0, 0.0, 0.0, 0.0],
    ],
    [
        [1.0, 0.0, 0.0, -1.0, 0.0, 0.0, 0.0, 0.0, 0.0],
        [-1.0, 0.0, 0.0, 0.0, 0.0, 0.0, 0.0, 0.0, 0.0],
        [0.0, 0.0, 0.0, 0.0, 0.0, -1.0 / 2.0, 0.0, 0.0, 0.0],
    ],
];

static HEXA_GENERATORS: [[[i32; 9]; 3]; 8] = [
    [
        [1, -1, 0, 1, 0, 0, 0, 0, 1],
        [0, 0, 0, 0, 0, 0, 0, 0, 0],
        [0, 0, 0, 0, 0, 0, 0, 0, 0],
    ],
    [
        [1, -1, 0, 1, 0, 0, 0, 0, 1],
        [0, -1, 0, -1, 0, 0, 0, 0, -1],
        [0, 0, 0, 0, 0, 0, 0, 0, 0],
    ],
    [
        [1, -1, 0, 1, 0, 0, 0, 0, 1],
        [0, 1, 0, 1, 0, 0, 0, 0, 1],
        [0, 0, 0, 0, 0, 0, 0, 0, 0],
    ],
    [
        [-1, 1, 0, -1, 0, 0, 0, 0, -1],
        [0, 0, 0, 0, 0, 0, 0, 0, 0],
        [0, 0, 0, 0, 0, 0, 0, 0, 0],
    ],
    [
        [-1, 1, 0, -1, 0, 0, 0, 0, -1],
        [0, -1, 0, -1, 0, 0, 0, 0, -1],
        [0, 0, 0, 0, 0, 0, 0, 0, 0],
    ],
    [
        [-1, 1, 0, -1, 0, 0, 0, 0, -1],
        [0, 1, 0, 1, 0, 0, 0, 0, 1],
        [0, 0, 0, 0, 0, 0, 0, 0, 0],
    ],
    [
        [1, -1, 0, 1, 0, 0, 0, 0, 1],
        [-1, 0, 0, 0, -1, 0, 0, 0, -1],
        [0, 0, 0, 0, 0, 0, 0, 0, 0],
    ],
    [
        [1, -1, 0, 1, 0, 0, 0, 0, 1],
        [0, -1, 0, -1, 0, 0, 0, 0, -1],
        [-1, 0, 0, 0, -1, 0, 0, 0, -1],
    ],
];

static CUBIC_VSPU: [[[f64; 9]; 3]; 10] = [
    [
        [-1.0 / 2.0, 1.0 / 2.0, 0.0, 0.0, 0.0, 0.0, 0.0, 0.0, 0.0],
        [-1.0 / 2.0, -1.0 / 2.0, 0.0, 0.0, 0.0, 0.0, 0.0, 0.0, 0.0],
        [-1.0 / 2.0, 1.0 / 2.0, 0.0, 1.0, 0.0, 0.0, 0.0, 0.0, 0.0],
    ],
    [
        [-1.0 / 2.0, 1.0 / 2.0, 0.0, 0.0, 0.0, 0.0, 0.0, 0.0, 0.0],
        [-1.0 / 2.0, -1.0 / 2.0, 0.0, 0.0, 0.0, 0.0, 0.0, 0.0, 0.0],
        [1.0 / 2.0, -1.0 / 2.0, 0.0, -1.0, 0.0, 0.0, 0.0, 0.0, 0.0],
    ],
    [
        [0.0, -1.0 / 2.0, 0.0, -1.0, 0.0, -1.0, 0.0, 0.0, 0.0],
        [0.0, -1.0 / 2.0, 0.0, 0.0, 0.0, 0.0, 0.0, 0.0, 0.0],
        [0.0, -1.0 / 2.0, 0.0, 0.0, 0.0, -1.0, 0.0, 0.0, 0.0],
    ],
    [
        [0.0, -1.0 / 2.0, 0.0, -1.0, 0.0, 1.0, 0.0, 0.0, 0.0],
        [0.0, -1.0 / 2.0, 0.0, 0.0, 0.0, 0.0, 0.0, 0.0, 0.0],
        [0.0, 1.0 / 2.0, 0.0, 0.0, 0.0, -1.0, 0.0, 0.0, 0.0],
    ],
    [
        [-1.0 / 2.0, -1.0 / 2.0, 0.0, 0.0, 0.0, 0.0, 0.0, 0.0, 0.0],
        [1.0 / 2.0, -1.0 / 2.0, 0.0, 0.0, 0.0, 0.0, 0.0, 0.0, 0.0],
        [-1.0 / 2.0, -1.0 / 2.0, 0.0, 1.0, 0.0, 0.0, 0.0, 0.0, 0.0],
    ],
    [
        [-1.0 / 2.0, -1.0 / 2.0, 0.0, 0.0, 0.0, 0.0, 0.0, 0.0, 0.0],
        [1.0 / 2.0, -1.0 / 2.0, 0.0, 0.0, 0.0, 0.0, 0.0, 0.0, 0.0],
        [1.0 / 2.0, 1.0 / 2.0, 0.0, -1.0, 0.0, 0.0, 0.0, 0.0, 0.0],
    ],
    [
        [0.0, 0.0, -1.0 / 2.0, -1.0, 0.0, 0.0, 0.0, 0.0, 0.0],
        [0.0, 0.0, -1.0 / 2.0, 0.0, 0.0, 1.0, 0.0, 0.0, 0.0],
        [0.0, 0.0, -1.0 / 2.0, 0.0, 0.0, 0.0, 0.0, 0.0, 0.0],
    ],
    [
        [0.0, 0.0, 1.0 / 2.0, -1.0, 0.0, 0.0, 0.0, 0.0, 0.0],
        [0.0, 0.0, 1.0 / 2.0, 0.0, 0.0, -1.0, 0.0, 0.0, 0.0],
        [0.0, 0.0, -1.0 / 2.0, 0.0, 0.0, 0.0, 0.0, 0.0, 0.0],
    ],
    [
        [0.0, 0.0, 0.0, 0.0, 0.0, 0.0, -1.0 / 2.0, 0.0, 0.0],
        [0.0, -1.0, 0.0, 0.0, 0.0, 0.0, -1.0 / 2.0, 0.0, 0.0],
        [0.0, 0.0, 0.0, 1.0, 0.0, 0.0, -1.0 / 2.0, 0.0, 0.0],
    ],
    [
        [0.0, 0.0, 0.0, 0.0, 0.0, 0.0, -1.0 / 2.0, 0.0, 0.0],
        [0.0, 0.0, 0.0, 1.0, 0.0, 1.0, -1.0 / 2.0, 0.0, 0.0],
        [0.0, 0.0, 0.0, 1.0, 0.0, 0.0, -1.0 / 2.0, 0.0, 0.0],
    ],
];

static CUBIC_F_VSPU: [[[f64; 9]; 3]; 10] = [
    [
        [0.0, 0.0, -1.0 / 2.0, -1.0 / 2.0, 0.0, 0.0, 0.0, 0.0, 0.0],
        [0.0, -1.0, 1.0 / 2.0, -1.0 / 2.0, 0.0, 0.0, 0.0, 0.0, 0.0],
        [0.0, 0.0, -1.0 / 2.0, 1.0 / 2.0, 0.0, 0.0, 0.0, 0.0, 0.0],
    ],
    [
        [
            0.0,
            1.0 / 2.0,
            -1.0 / 2.0,
            0.0,
            -1.0 / 2.0,
            0.0,
            0.0,
            0.0,
            0.0,
        ],
        [
            0.0,
            -1.0 / 2.0,
            1.0 / 2.0,
            0.0,
            -1.0 / 2.0,
            0.0,
            0.0,
            0.0,
            0.0,
        ],
        [
            0.0,
            -1.0 / 2.0,
            -1.0 / 2.0,
            0.0,
            1.0 / 2.0,
            0.0,
            0.0,
            0.0,
            0.0,
        ],
    ],
    [
        [
            0.0,
            1.0 / 4.0,
            -1.0 / 4.0,
            -1.0 / 2.0,
            0.0,
            0.0,
            0.0,
            0.0,
            0.0,
        ],
        [
            0.0,
            -3.0 / 4.0,
            -1.0 / 4.0,
            -1.0 / 2.0,
            0.0,
            0.0,
            0.0,
            0.0,
            0.0,
        ],
        [
            0.0,
            1.0 / 4.0,
            -1.0 / 4.0,
            1.0 / 2.0,
            0.0,
            0.0,
            0.0,
            0.0,
            0.0,
        ],
    ],
    [
        [0.0, 1.0 / 2.0, 0.0, 0.0, -1.0 / 2.0, 0.0, 0.0, 0.0, 0.0],
        [0.0, -1.0 / 2.0, 0.0, 0.0, -1.0 / 2.0, 0.0, 0.0, 0.0, 0.0],
        [0.0, -1.0 / 2.0, 0.0, -1.0, 1.0 / 2.0, 0.0, 0.0, 0.0, 0.0],
    ],
    [
        [
            -1.0 / 4.0,
            1.0 / 4.0,
            0.0,
            -1.0 / 2.0,
            0.0,
            0.0,
            0.0,
            0.0,
            0.0,
        ],
        [
            -1.0 / 4.0,
            -3.0 / 4.0,
            0.0,
            1.0 / 2.0,
            0.0,
            0.0,
            0.0,
            0.0,
            0.0,
        ],
        [
            -1.0 / 4.0,
            1.0 / 4.0,
            0.0,
            1.0 / 2.0,
            0.0,
            0.0,
            0.0,
            0.0,
            0.0,
        ],
    ],
    [
        [0.0, 0.0, 1.0 / 2.0, -1.0 / 2.0, 0.0, 0.0, 0.0, 0.0, 0.0],
        [0.0, -1.0, -1.0 / 2.0, -1.0 / 2.0, 0.0, 0.0, 0.0, 0.0, 0.0],
        [0.0, 0.0, -1.0 / 2.0, -1.0 / 2.0, 0.0, 0.0, 0.0, 0.0, 0.0],
    ],
    [
        [
            0.0,
            -1.0 / 2.0,
            0.0,
            -1.0 / 2.0,
            0.0,
            -1.0 / 2.0,
            0.0,
            0.0,
            0.0,
        ],
        [
            0.0,
            -1.0 / 2.0,
            0.0,
            1.0 / 2.0,
            0.0,
            1.0 / 2.0,
            0.0,
            0.0,
            0.0,
        ],
        [
            0.0,
            -1.0 / 2.0,
            0.0,
            1.0 / 2.0,
            0.0,
            -1.0 / 2.0,
            0.0,
            0.0,
            0.0,
        ],
    ],
    [
        [
            0.0,
            0.0,
            1.0 / 2.0,
            -1.0 / 2.0,
            0.0,
            1.0 / 2.0,
            0.0,
            0.0,
            0.0,
        ],
        [
            0.0,
            0.0,
            1.0 / 2.0,
            1.0 / 2.0,
            0.0,
            -1.0 / 2.0,
            0.0,
            0.0,
            0.0,
        ],
        [
            0.0,
            0.0,
            -1.0 / 2.0,
            -1.0 / 2.0,
            0.0,
            -1.0 / 2.0,
            0.0,
            0.0,
            0.0,
        ],
    ],
    [
        [0.0, 0.0, 0.0, 0.0, 0.0, 0.0, -1.0 / 2.0, 0.0, 0.0],
        [0.0, -1.0, 0.0, -1.0, 0.0, 0.0, 1.0 / 2.0, 0.0, 0.0],
        [0.0, 0.0, 0.0, 1.0, 0.0, 0.0, -1.0 / 2.0, 0.0, 0.0],
    ],
    [
        [0.0, 0.0, 0.0, 0.0, 0.0, 0.0, -1.0 / 2.0, 0.0, 0.0],
        [0.0, 0.0, -1.0, -2.0, 0.0, 0.0, 3.0 / 2.0, 0.0, 0.0],
        [0.0, 0.0, 0.0, 1.0, 0.0, 0.0, -1.0 / 2.0, 0.0, 0.0],
    ],
];

static CUBIC_I_VSPU: [[[f64; 9]; 3]; 10] = [
    [
        [0.0, -1.0, 0.0, -1.0, 0.0, 0.0, 0.0, 0.0, 0.0],
        [1.0, -1.0, 0.0, -1.0, 0.0, 0.0, 0.0, 0.0, 0.0],
        [0.0, -1.0, 0.0, 0.0, 0.0, 0.0, 0.0, 0.0, 0.0],
    ],
    [
        [-1.0, 0.0, 1.0, -1.0, 0.0, 0.0, 0.0, 0.0, 0.0],
        [0.0, 0.0, 1.0, -1.0, 0.0, 0.0, 0.0, 0.0, 0.0],
        [1.0, 0.0, -1.0, 0.0, 0.0, 0.0, 0.0, 0.0, 0.0],
    ],
    [
        [1.0, 0.0, -1.0, -2.0, 0.0, -1.0, 0.0, 0.0, 0.0],
        [1.0, 0.0, -1.0, -1.0, 0.0, 0.0, 0.0, 0.0, 0.0],
        [1.0, 0.0, -1.0, -1.0, 0.0, -1.0, 0.0, 0.0, 0.0],
    ],
    [
        [-1.0, 0.0, 1.0, 0.0, 0.0, -1.0, 0.0, 0.0, 0.0],
        [3.0, 0.0, -1.0, -3.0, 0.0, 2.0, 0.0, 0.0, 0.0],
        [-3.0, 0.0, 1.0, 3.0, 0.0, -3.0, 0.0, 0.0, 0.0],
    ],
    [
        [1.0, 2.0, -5.0, -7.0, 0.0, 0.0, 0.0, 0.0, 0.0],
        [1.0, 1.0, -4.0, -5.0, 0.0, 0.0, 0.0, 0.0, 0.0],
        [0.0, 1.0, -2.0, -2.0, 0.0, 0.0, 0.0, 0.0, 0.0],
    ],
    [
        [-2.0, 1.0, 0.0, 1.0, 0.0, 0.0, 0.0, 0.0, 0.0],
        [1.0, -1.0, 0.0, -1.0, 0.0, 0.0, 0.0, 0.0, 0.0],
        [2.0, -1.0, 0.0, -2.0, 0.0, 0.0, 0.0, 0.0, 0.0],
    ],
    [
        [-1.0, 0.0, 0.0, 0.0, 0.0, -1.0, 0.0, 0.0, 0.0],
        [-1.0, 0.0, 0.0, 1.0, 0.0, 0.0, 0.0, 0.0, 0.0],
        [-1.0, 0.0, 0.0, 1.0, 0.0, -1.0, 0.0, 0.0, 0.0],
    ],
    [
        [1.0, 0.0, 0.0, 0.0, -2.0, 1.0, 0.0, 0.0, 0.0],
        [-1.0, 0.0, 0.0, 0.0, 1.0, -1.0, 0.0, 0.0, 0.0],
        [1.0, 0.0, 0.0, 0.0, -1.0, 0.0, 0.0, 0.0, 0.0],
    ],
    [
        [-2.0, -3.0, 0.0, -1.0, 0.0, 0.0, 1.0, -1.0, 1.0],
        [-1.0, -3.0, 0.0, -1.0, 0.0, 0.0, 1.0, -1.0, 1.0],
        [0.0, -1.0, 0.0, 0.0, 0.0, 0.0, 0.0, 0.0, 0.0],
    ],
    [
        [-1.0, 0.0, 0.0, 0.0, 0.0, -1.0, 0.0, -1.0, 1.0],
        [-1.0, 0.0, 0.0, 1.0, 0.0, 0.0, 0.0, -1.0, 1.0],
        [-1.0, 0.0, 0.0, 1.0, 0.0, -1.0, 0.0, -1.0, 1.0],
    ],
];

static CUBIC_GENERATORS: [[[i32; 9]; 3]; 10] = [
    [
        [0, -1, 0, 1, 0, 0, 0, 0, 1],
        [0, 0, 1, 1, 0, 0, 0, 1, 0],
        [0, 0, 0, 0, 0, 0, 0, 0, 0],
    ],
    [
        [0, -1, 0, 1, 0, 0, 0, 0, 1],
        [0, 0, -1, -1, 0, 0, 0, -1, 0],
        [0, 0, 0, 0, 0, 0, 0, 0, 0],
    ],
    [
        [-1, 0, 0, 0, -1, 0, 0, 0, 1],
        [0, 0, 1, 1, 0, 0, 0, 1, 0],
        [0, 0, 0, 0, 0, 0, 0, 0, 0],
    ],
    [
        [-1, 0, 0, 0, -1, 0, 0, 0, 1],
        [0, 0, -1, -1, 0, 0, 0, -1, 0],
        [0, 0, 0, 0, 0, 0, 0, 0, 0],
    ],
    [
        [0, 1, 0, -1, 0, 0, 0, 0, -1],
        [0, 0, 1, 1, 0, 0, 0, 1, 0],
        [0, 0, 0, 0, 0, 0, 0, 0, 0],
    ],
    [
        [0, 1, 0, -1, 0, 0, 0, 0, -1],
        [0, 0, -1, -1, 0, 0, 0, -1, 0],
        [0, 0, 0, 0, 0, 0, 0, 0, 0],
    ],
    [
        [1, 0, 0, 0, 1, 0, 0, 0, -1],
        [0, 0, 1, 1, 0, 0, 0, 1, 0],
        [0, 0, 0, 0, 0, 0, 0, 0, 0],
    ],
    [
        [1, 0, 0, 0, 1, 0, 0, 0, -1],
        [0, 0, -1, -1, 0, 0, 0, -1, 0],
        [0, 0, 0, 0, 0, 0, 0, 0, 0],
    ],
    [
        [0, -1, 0, 1, 0, 0, 0, 0, 1],
        [0, 0, 1, 1, 0, 0, 0, 1, 0],
        [-1, 0, 0, 0, -1, 0, 0, 0, -1],
    ],
    [
        [-1, 0, 0, 0, -1, 0, 0, 0, 1],
        [0, 0, 1, 1, 0, 0, 0, 1, 0],
        [-1, 0, 0, 0, -1, 0, 0, 0, -1],
    ],
];
// ============================================================================
// Public Functions
// ============================================================================

pub fn hal_match_hall_symbol_db(
    origin_shift: &mut Vec3,
    bravais_lattice: &Mat3,
    hall_number: i32,
    centering: Centering,
    symmetry: &Symmetry,
    symprec: f64,
) -> bool {
    find_hall_symbol(
        origin_shift,
        bravais_lattice,
        hall_number,
        centering,
        symmetry,
        symprec,
    )
}

// ============================================================================
// Internal Functions
// ============================================================================

fn find_hall_symbol(
    origin_shift: &mut Vec3,
    bravais_lattice: &Mat3,
    hall_number: i32,
    centering: Centering,
    symmetry: &Symmetry,
    symprec: f64,
) -> bool {
    let mut primitive_lattice = [[0.0; 3]; 3];

    match centering {
        Centering::Primitive => mat_copy_matrix_d3(&mut primitive_lattice, bravais_lattice),
        Centering::Body => primitive_lattice = mat_multiply_matrix_d3(bravais_lattice, &M_BCC_INV),
        Centering::Face => primitive_lattice = mat_multiply_matrix_d3(bravais_lattice, &M_FCC_INV),
        Centering::AFace => primitive_lattice = mat_multiply_matrix_d3(bravais_lattice, &M_AC_INV),
        Centering::BFace => primitive_lattice = mat_multiply_matrix_d3(bravais_lattice, &M_BC_INV),
        Centering::CFace => primitive_lattice = mat_multiply_matrix_d3(bravais_lattice, &M_CC_INV),
        Centering::RCenter => {
            primitive_lattice = mat_multiply_matrix_d3(bravais_lattice, &M_RC_INV)
        }
        _ => {}
    }

    let mut found = false;

    if (489..=530).contains(&hall_number) {
        if is_hall_symbol_cubic(
            origin_shift,
            hall_number,
            &primitive_lattice,
            symmetry,
            centering,
            symprec,
        ) {
            found = true;
        }
    } else if (462..=488).contains(&hall_number) || (-116..=-109).contains(&hall_number) {
        if is_hall_symbol_hexa(
            origin_shift,
            hall_number,
            &primitive_lattice,
            symmetry,
            symprec,
        ) {
            found = true;
        }
    } else if (430..=461).contains(&hall_number) || (-108..=-101).contains(&hall_number) {
        if matches!(
            hall_number,
            433 | 434 | 436 | 437 | 444 | 445 | 450 | 451 | 452 | 453 | 458 | 459 | 460 | 461
        ) {
            if is_hall_symbol_rhombo(
                origin_shift,
                hall_number,
                &primitive_lattice,
                symmetry,
                symprec,
            ) {
                found = true;
            }
        } else {
            if is_hall_symbol_trigonal(
                origin_shift,
                hall_number,
                &primitive_lattice,
                symmetry,
                symprec,
            ) {
                found = true;
            }
        }
    } else if (349..=429).contains(&hall_number) || (-100..=-82).contains(&hall_number) {
        if is_hall_symbol_tetra(
            origin_shift,
            hall_number,
            &primitive_lattice,
            symmetry,
            centering,
            symprec,
        ) {
            found = true;
        }
    } else if (108..=348).contains(&hall_number) || (-81..=-34).contains(&hall_number) {
        if is_hall_symbol_ortho(
            origin_shift,
            hall_number,
            &primitive_lattice,
            symmetry,
            centering,
            symprec,
        ) {
            found = true;
        }
    } else if (3..=107).contains(&hall_number) || (-33..=-3).contains(&hall_number) {
        if is_hall_symbol_monocli(
            origin_shift,
            hall_number,
            &primitive_lattice,
            symmetry,
            centering,
            symprec,
        ) {
            found = true;
        }
    } else if (-2..=2).contains(&hall_number) && hall_number != 0 {
        if is_hall_symbol_tricli(
            origin_shift,
            hall_number,
            &primitive_lattice,
            symmetry,
            symprec,
        ) {
            found = true;
        }
    }

    if found {
        match centering {
            Centering::Primitive => {}
            Centering::Body => {
                *origin_shift = mat_multiply_matrix_vector_d3(&M_BCC_INV, origin_shift)
            }
            Centering::Face => {
                *origin_shift = mat_multiply_matrix_vector_d3(&M_FCC_INV, origin_shift)
            }
            Centering::AFace => {
                *origin_shift = mat_multiply_matrix_vector_d3(&M_AC_INV, origin_shift)
            }
            Centering::BFace => {
                *origin_shift = mat_multiply_matrix_vector_d3(&M_BC_INV, origin_shift)
            }
            Centering::CFace => {
                *origin_shift = mat_multiply_matrix_vector_d3(&M_CC_INV, origin_shift)
            }
            Centering::RCenter => {
                *origin_shift = mat_multiply_matrix_vector_d3(&M_RC_INV, origin_shift)
            }
            _ => {}
        }
        return true;
    }

    false
}

fn is_hall_symbol_cubic(
    shift: &mut Vec3,
    hall_number: i32,
    primitive_lattice: &Mat3,
    symmetry: &Symmetry,
    centering: Centering,
    symprec: f64,
) -> bool {
    for i in 0..10 {
        let (generators, vspu) = match centering {
            Centering::Primitive => (&CUBIC_GENERATORS[i], &CUBIC_VSPU[i]),
            Centering::Body => (&CUBIC_GENERATORS[i], &CUBIC_I_VSPU[i]),
            Centering::Face => (&CUBIC_GENERATORS[i], &CUBIC_F_VSPU[i]),
            _ => continue,
        };

        if is_hall_symbol(
            shift,
            hall_number,
            primitive_lattice,
            symmetry,
            centering,
            generators,
            vspu,
            symprec,
        ) {
            return true;
        }
    }
    false
}

fn is_hall_symbol_hexa(
    shift: &mut Vec3,
    hall_number: i32,
    primitive_lattice: &Mat3,
    symmetry: &Symmetry,
    symprec: f64,
) -> bool {
    for i in 0..8 {
        if is_hall_symbol(
            shift,
            hall_number,
            primitive_lattice,
            symmetry,
            Centering::Primitive,
            &HEXA_GENERATORS[i],
            &HEXA_VSPU[i],
            symprec,
        ) {
            return true;
        }
    }
    false
}

fn is_hall_symbol_trigonal(
    shift: &mut Vec3,
    hall_number: i32,
    primitive_lattice: &Mat3,
    symmetry: &Symmetry,
    symprec: f64,
) -> bool {
    for i in 0..13 {
        if is_hall_symbol(
            shift,
            hall_number,
            primitive_lattice,
            symmetry,
            Centering::Primitive,
            &TRIGO_GENERATORS[i],
            &TRIGO_VSPU[i],
            symprec,
        ) {
            return true;
        }
    }
    false
}

fn is_hall_symbol_rhombo(
    shift: &mut Vec3,
    hall_number: i32,
    primitive_lattice: &Mat3,
    symmetry: &Symmetry,
    symprec: f64,
) -> bool {
    if matches!(hall_number, 433 | 436 | 444 | 450 | 452 | 458 | 460) {
        for i in 0..8 {
            if is_hall_symbol(
                shift,
                hall_number,
                primitive_lattice,
                symmetry,
                Centering::RCenter,
                &RHOMBO_H_GENERATORS[i],
                &RHOMBO_H_VSPU[i],
                symprec,
            ) {
                return true;
            }
        }
    } else {
        for i in 0..8 {
            if is_hall_symbol(
                shift,
                hall_number,
                primitive_lattice,
                symmetry,
                Centering::Primitive,
                &RHOMBO_P_GENERATORS[i],
                &RHOMBO_P_VSPU[i],
                symprec,
            ) {
                return true;
            }
        }
    }
    false
}

fn is_hall_symbol_tetra(
    shift: &mut Vec3,
    hall_number: i32,
    primitive_lattice: &Mat3,
    symmetry: &Symmetry,
    centering: Centering,
    symprec: f64,
) -> bool {
    for i in 0..8 {
        let (generators, vspu) = match centering {
            Centering::Primitive => (&TETRA_GENERATORS[i], &TETRA_VSPU[i]),
            Centering::Body => (&TETRA_GENERATORS[i], &TETRA_I_VSPU[i]),
            _ => continue,
        };

        if is_hall_symbol(
            shift,
            hall_number,
            primitive_lattice,
            symmetry,
            centering,
            generators,
            vspu,
            symprec,
        ) {
            return true;
        }
    }
    false
}

fn is_hall_symbol_ortho(
    shift: &mut Vec3,
    hall_number: i32,
    primitive_lattice: &Mat3,
    symmetry: &Symmetry,
    centering: Centering,
    symprec: f64,
) -> bool {
    for i in 0..5 {
        let (generators, vspu) = match centering {
            Centering::Primitive => (&ORTHO_GENERATORS[i], &ORTHO_VSPU[i]),
            Centering::Body => (&ORTHO_GENERATORS[i], &ORTHO_I_VSPU[i]),
            Centering::Face => (&ORTHO_GENERATORS[i], &ORTHO_F_VSPU[i]),
            Centering::AFace => (&ORTHO_GENERATORS[i], &ORTHO_A_VSPU[i]),
            Centering::BFace => (&ORTHO_GENERATORS[i], &ORTHO_B_VSPU[i]),
            Centering::CFace => (&ORTHO_GENERATORS[i], &ORTHO_C_VSPU[i]),
            _ => continue,
        };

        if is_hall_symbol(
            shift,
            hall_number,
            primitive_lattice,
            symmetry,
            centering,
            generators,
            vspu,
            symprec,
        ) {
            return true;
        }
    }
    false
}

fn is_hall_symbol_monocli(
    shift: &mut Vec3,
    hall_number: i32,
    primitive_lattice: &Mat3,
    symmetry: &Symmetry,
    centering: Centering,
    symprec: f64,
) -> bool {
    for i in 0..9 {
        let (generators, vspu) = match centering {
            Centering::Primitive => (&MONOCLI_GENERATORS[i], &MONOCLI_VSPU[i]),
            Centering::AFace => (&MONOCLI_GENERATORS[i], &MONOCLI_A_VSPU[i]),
            Centering::BFace => (&MONOCLI_GENERATORS[i], &MONOCLI_B_VSPU[i]),
            Centering::CFace => (&MONOCLI_GENERATORS[i], &MONOCLI_C_VSPU[i]),
            Centering::Body => (&MONOCLI_GENERATORS[i], &MONOCLI_I_VSPU[i]),
            _ => continue,
        };

        if is_hall_symbol(
            shift,
            hall_number,
            primitive_lattice,
            symmetry,
            centering,
            generators,
            vspu,
            symprec,
        ) {
            return true;
        }
    }
    false
}

fn is_hall_symbol_tricli(
    shift: &mut Vec3,
    hall_number: i32,
    primitive_lattice: &Mat3,
    symmetry: &Symmetry,
    symprec: f64,
) -> bool {
    for i in 0..2 {
        if is_hall_symbol(
            shift,
            hall_number,
            primitive_lattice,
            symmetry,
            Centering::Primitive,
            &TRICLI_GENERATORS[i],
            &TRICLI_VSPU[i],
            symprec,
        ) {
            return true;
        }
    }
    false
}

fn is_hall_symbol(
    shift: &mut Vec3,
    hall_number: i32,
    primitive_lattice: &Mat3,
    symmetry: &Symmetry,
    centering: Centering,
    generators: &[[i32; 9]; 3],
    vspu: &[[f64; 9]; 3],
    _symprec: f64,
) -> bool {
    debug::debug_print(format_args!("primitive lattice\n"));

    let (op_count, _) = spgdb_get_operation_index(hall_number);
    if op_count != symmetry.size {
        return false;
    }

    let mut rot = [[[0; 3]; 3]; 3];
    unpack_generators(&mut rot, generators);

    let mut trans = [[0.0; 3]; 3];
    if !get_translations(&mut trans, symmetry, &rot) {
        return false;
    }

    if get_origin_shift(shift, hall_number, &rot, &trans, centering, vspu) {
        if is_match_database(
            hall_number,
            shift,
            primitive_lattice,
            centering,
            symmetry,
            _symprec,
        ) {
            debug::debug_print(format_args!("origin shift\n"));
            return true;
        }
    }

    false
}

fn unpack_generators(rot: &mut [[[i32; 3]; 3]; 3], generators: &[[i32; 9]; 3]) {
    for i in 0..3 {
        for j in 0..3 {
            for k in 0..3 {
                rot[i][j][k] = generators[i][j * 3 + k];
            }
        }
    }
}

fn get_translations(
    trans: &mut [[f64; 3]; 3],
    symmetry: &Symmetry,
    rot: &[[[i32; 3]; 3]; 3],
) -> bool {
    let zero = [[0; 3]; 3];
    for i in 0..3 {
        trans[i] = [0.0; 3];
    }

    for i in 0..3 {
        if mat_check_identity_matrix_i3(&rot[i], &zero) {
            continue;
        }
        let mut is_found = false;
        for j in 0..symmetry.size {
            if mat_check_identity_matrix_i3(&symmetry.rot[j], &rot[i]) {
                trans[i] = symmetry.trans[j];
                is_found = true;
                break;
            }
        }
        if !is_found {
            return false;
        }
    }
    true
}

fn get_origin_shift(
    shift: &mut Vec3,
    hall_number: i32,
    rot: &[[[i32; 3]; 3]; 3],
    trans: &[[f64; 3]; 3],
    centering: Centering,
    vspu: &[[f64; 9]; 3],
) -> bool {
    let (count, start_index) = spgdb_get_operation_index(hall_number);
    let mut dw = [0.0; 9];

    for i in 0..3 {
        if mat_get_determinant_i3(&rot[i]) == 0 {
            for j in 0..3 {
                dw[i * 3 + j] = 0.0;
            }
        } else {
            let mut tmp_dw = [0.0; 3];
            if set_dw(
                &mut tmp_dw,
                count,
                start_index,
                &rot[i],
                &trans[i],
                centering,
            ) {
                dw[i * 3] = mat_dmod1(tmp_dw[0]);
                dw[i * 3 + 1] = mat_dmod1(tmp_dw[1]);
                dw[i * 3 + 2] = if hall_number > 0 {
                    mat_dmod1(tmp_dw[2])
                } else {
                    tmp_dw[2]
                };
            } else {
                return false;
            }
        }
    }

    for i in 0..3 {
        shift[i] = 0.0;
        for j in 0..9 {
            shift[i] += vspu[i][j] * dw[j];
        }
    }

    shift[0] = mat_dmod1(shift[0]);
    shift[1] = mat_dmod1(shift[1]);
    shift[2] = if hall_number > 0 {
        mat_dmod1(shift[2])
    } else {
        shift[2]
    };

    true
}

fn set_dw(
    dw: &mut Vec3,
    count: usize,
    start_index: usize,
    rot: &Mat3I,
    trans: &Vec3,
    centering: Centering,
) -> bool {
    let mut trans_prim = [0.0; 3];
    transform_translation(&mut trans_prim, centering, trans);

    for i in 0..count {
        let (rot_db, trans_db) = spgdb_get_operation(start_index + i);
        let mut trans_db_prim = [0.0; 3];
        transform_translation(&mut trans_db_prim, centering, &trans_db);

        if mat_check_identity_matrix_i3(&rot_db, rot) {
            for j in 0..3 {
                dw[j] = trans_prim[j] - trans_db_prim[j];
            }
            return true;
        }
    }
    false
}

fn transform_translation(trans_reduced: &mut Vec3, centering: Centering, trans: &Vec3) {
    match centering {
        Centering::Primitive => *trans_reduced = *trans,
        Centering::Body => *trans_reduced = mat_multiply_matrix_vector_id3(&M_BCC, trans),
        Centering::Face => *trans_reduced = mat_multiply_matrix_vector_id3(&M_FCC, trans),
        Centering::AFace => *trans_reduced = mat_multiply_matrix_vector_id3(&M_AC, trans),
        Centering::BFace => *trans_reduced = mat_multiply_matrix_vector_id3(&M_BC, trans),
        Centering::CFace => *trans_reduced = mat_multiply_matrix_vector_id3(&M_CC, trans),
        Centering::RCenter => *trans_reduced = mat_multiply_matrix_vector_id3(&M_RC, trans),
        _ => *trans_reduced = *trans,
    }
}

/// Transforms a rotation matrix based on the centering type (similarity transformation).
fn transform_rotation(rot_reduced: &mut Mat3, centering: Centering, rot: &Mat3I) {
    // 修正：显式接收转换后的矩阵返回值
    let rot_d3 = mat_cast_matrix_3i_to_3d(rot);

    if centering != Centering::Primitive {
        let inv_matrix = match centering {
            Centering::Body => Some(&M_BCC_INV),
            Centering::Face => Some(&M_FCC_INV),
            Centering::AFace => Some(&M_AC_INV),
            Centering::BFace => Some(&M_BC_INV),
            Centering::CFace => Some(&M_CC_INV),
            Centering::RCenter => Some(&M_RC_INV),
            _ => None,
        };

        if let Some(m_inv) = inv_matrix {
            // 尝试进行相似变换 R' = M^-1 * R * M (注意：具体的数学实现依赖 mat_get_similar_matrix_d3)
            if let Some(res) = mat_get_similar_matrix_d3(&rot_d3, m_inv, 0.0) {
                *rot_reduced = res;
                return;
            }
        }
    }
    // 如果是 Primitive 或者相似变换失败（通常不应该发生），直接使用转换后的矩阵
    *rot_reduced = rot_d3;
}

/*
fn transform_rotation(rot_reduced: &mut Mat3, centering: Centering, rot: &Mat3I) {
    let mut rot_d3 = [[0.0; 3]; 3];
    mat_cast_matrix_3i_to_3d(rot);

    if centering != Centering::Primitive {
        match centering {
            Centering::Body => {
                if let Some(res) = mat_get_similar_matrix_d3(&rot_d3, &M_BCC_INV, 0.0) {
                    *rot_reduced = res;
                }
            }
            Centering::Face => {
                if let Some(res) = mat_get_similar_matrix_d3(&rot_d3, &M_FCC_INV, 0.0) {
                    *rot_reduced = res;
                }
            }
            Centering::AFace => {
                if let Some(res) = mat_get_similar_matrix_d3(&rot_d3, &M_AC_INV, 0.0) {
                    *rot_reduced = res;
                }
            }
            Centering::BFace => {
                if let Some(res) = mat_get_similar_matrix_d3(&rot_d3, &M_BC_INV, 0.0) {
                    *rot_reduced = res;
                }
            }
            Centering::CFace => {
                if let Some(res) = mat_get_similar_matrix_d3(&rot_d3, &M_CC_INV, 0.0) {
                    *rot_reduced = res;
                }
            }
            Centering::RCenter => {
                if let Some(res) = mat_get_similar_matrix_d3(&rot_d3, &M_RC_INV, 0.0) {
                    *rot_reduced = res;
                }
            }
            _ => *rot_reduced = rot_d3,
        }
    } else {
        *rot_reduced = rot_d3;
    }
}
*/

fn is_match_database(
    hall_number: i32,
    origin_shift: &Vec3,
    primitive_lattice: &Mat3,
    centering: Centering,
    symmetry: &Symmetry,
    symprec: f64,
) -> bool {
    let (count, start_index) = spgdb_get_operation_index(hall_number);
    let mut found_list = vec![false; count];
    let periodic_axes = [0, 1];

    for i in 0..symmetry.size {
        let mut is_found = false;
        for j in 0..count {
            let (rot_db, trans_db) = spgdb_get_operation(start_index + j);
            if mat_check_identity_matrix_i3(&symmetry.rot[i], &rot_db) {
                let mut trans_db_prim = [0.0; 3];
                transform_translation(&mut trans_db_prim, centering, &trans_db);

                let mut trans_prim = [0.0; 3];
                transform_translation(&mut trans_prim, centering, &symmetry.trans[i]);

                let mut rot_prim = [[0.0; 3]; 3];
                transform_rotation(&mut rot_prim, centering, &rot_db);

                let mut diff = [0.0; 3];
                for k in 0..3 {
                    diff[k] = trans_prim[k] - trans_db_prim[k] + origin_shift[k];
                }

                let shift_rot = mat_multiply_matrix_vector_d3(&rot_prim, origin_shift);

                let overlap = if hall_number > 0 {
                    cel_is_overlap(&diff, &shift_rot, primitive_lattice, symprec)
                } else {
                    cel_layer_is_overlap(
                        &diff,
                        &shift_rot,
                        primitive_lattice,
                        &periodic_axes,
                        symprec,
                    )
                };

                if overlap {
                    if !found_list[j] {
                        found_list[j] = true;
                        is_found = true;
                        break;
                    }
                }
            }
        }

        if !is_found {
            return false;
        }
    }

    true
}

#[cfg(test)]
mod tests {
    use super::*;
    use super::*;
    use crate::mathfunc::{Mat3, Vec3};
    use crate::spg_database::Centering;
    use crate::symmetry::Symmetry;

    #[test]
    fn test_unpack_generators() {
        let generators = [[1, 0, 0, 0, 1, 0, 0, 0, 1], [0; 9], [0; 9]];
        let mut rot = [[[0; 3]; 3]; 3];
        unpack_generators(&mut rot, &generators);
        assert_eq!(rot[0], [[1, 0, 0], [0, 1, 0], [0, 0, 1]]);
    }

    // ----------------------------------------------------------------------------
    // 放在 hall_symbol.rs 的最底部
    // ----------------------------------------------------------------------------

    // --- Helper Functions for Mocking ---

    /// 构造一个用于测试的 Symmetry 结构体
    fn create_mock_symmetry(
        rotations: Vec<[[i32; 3]; 3]>,
        translations: Vec<[f64; 3]>,
    ) -> Symmetry {
        assert_eq!(rotations.len(), translations.len());
        Symmetry {
            size: rotations.len(),
            rot: rotations,
            trans: translations,
        }
    }

    /// 辅助断言：检查两个浮点向量是否近似相等
    fn assert_vec3_approx_eq(a: &Vec3, b: &Vec3, epsilon: f64) {
        for i in 0..3 {
            assert!(
                (a[i] - b[i]).abs() < epsilon,
                "Vector mismatch at index {}: {} != {}",
                i,
                a[i],
                b[i]
            );
        }
    }

    /// 辅助断言：检查两个矩阵是否相等（整数）
    fn assert_mat3i_eq(a: &Mat3I, b: &Mat3I) {
        assert_eq!(a, b, "Matrix mismatch: {:?} != {:?}", a, b);
    }

    // --- Tests for Static Data Parsing ---

    #[test]
    fn test_unpack_generators_correctness() {
        // 模拟一个 Hall Symbol 的生成元数据 (扁平数组)
        // 假设数据为 [Identity, Inversion, SomeRotation]
        // 这里的数值是随意编造的，仅用于测试解包逻辑
        let generators_flat = [
            [1, 0, 0, 0, 1, 0, 0, 0, 1],    // Identity
            [-1, 0, 0, 0, -1, 0, 0, 0, -1], // Inversion
            [0, -1, 0, 1, 0, 0, 0, 0, 1],   // Rotation
        ];

        let mut rot_unpacked = [[[0; 3]; 3]; 3];
        unpack_generators(&mut rot_unpacked, &generators_flat);

        // 验证解包后的 3x3 矩阵
        assert_mat3i_eq(&rot_unpacked[0], &[[1, 0, 0], [0, 1, 0], [0, 0, 1]]);
        assert_mat3i_eq(&rot_unpacked[1], &[[-1, 0, 0], [0, -1, 0], [0, 0, -1]]);
        assert_mat3i_eq(&rot_unpacked[2], &[[0, -1, 0], [1, 0, 0], [0, 0, 1]]);
    }

    // --- Tests for Centering Transformations ---

    #[test]
    fn test_transform_translation_primitive() {
        // Primitive setting should not change the vector
        let trans = [0.1, 0.2, 0.3];
        let mut res = [0.0; 3];
        transform_translation(&mut res, Centering::Primitive, &trans);
        assert_vec3_approx_eq(&res, &trans, 1e-8);
    }

    #[test]
    fn test_transform_translation_body_centered() {
        // Body Centered (I) transformation
        // M_BCC = [[0, 1, 1], [1, 0, 1], [1, 1, 0]]
        // Input: [1.0, 0.0, 0.0]
        // Expected: [0*1+1*0+1*0, 1*1+0+0, 1*1+0+0] = [0.0, 1.0, 1.0]
        let trans = [1.0, 0.0, 0.0];
        let mut res = [0.0; 3];

        transform_translation(&mut res, Centering::Body, &trans);

        // Logical verification based on M_BCC definition
        let expected = [0.0, 1.0, 1.0];
        assert_vec3_approx_eq(&res, &expected, 1e-8);
    }

    #[test]
    fn test_transform_translation_face_centered() {
        // Face Centered (F) transformation
        // M_FCC = [[-1, 1, 1], [1, -1, 1], [1, 1, -1]]
        let trans = [0.5, 0.5, 0.5]; // Special point
        let mut res = [0.0; 3];

        transform_translation(&mut res, Centering::Face, &trans);

        // Calculation:
        // x = -0.5 + 0.5 + 0.5 = 0.5
        // y = 0.5 - 0.5 + 0.5 = 0.5
        // z = 0.5 + 0.5 - 0.5 = 0.5
        assert_vec3_approx_eq(&res, &[0.5, 0.5, 0.5], 1e-8);
    }

    // --- Tests for Rotation Similarity Transformations ---

    #[test]
    fn test_transform_rotation_primitive() {
        let rot_in = [[0, -1, 0], [1, 0, 0], [0, 0, 1]]; // 90 deg rotation around Z
        let mut rot_out = [[0.0; 3]; 3];

        transform_rotation(&mut rot_out, Centering::Primitive, &rot_in);

        // Primitive should just cast int to double
        assert_eq!(rot_out[0][1], -1.0);
        assert_eq!(rot_out[1][0], 1.0);
        assert_eq!(rot_out[2][2], 1.0);
    }

    // --- Tests for Finding Translations (Core Algorithm) ---

    #[test]
    fn test_get_translations_success() {
        // 这是一个核心逻辑测试
        // 场景：我们有一组 symmetry operations，我们要从中找到匹配 generator 旋转部分的平移向量。

        let identity = [[1, 0, 0], [0, 1, 0], [0, 0, 1]];
        let rot_z_180 = [[-1, 0, 0], [0, -1, 0], [0, 0, 1]]; // C2

        // 构造 Symmetry：包含两个操作
        // Op 1: Identity + [0, 0, 0]
        // Op 2: C2 rotation + [0.0, 0.0, 0.5] (e.g., screw axis)
        let sym = create_mock_symmetry(
            vec![identity, rot_z_180],
            vec![[0.0, 0.0, 0.0], [0.0, 0.0, 0.5]],
        );

        // 我们要查找的 Generators (rot 数组)
        // Gen 1: Identity (should be skipped or result in 0)
        // Gen 2: C2 rotation (should find [0.0, 0.0, 0.5])
        // Gen 3: Identity (dummy)
        let generators_rot = [identity, rot_z_180, identity];

        let mut found_trans = [[0.0; 3]; 3];
        let result = get_translations(&mut found_trans, &sym, &generators_rot);

        assert!(result, "Should successfully find translations");

        // Gen 1 (Index 0): Identity -> Default 0.0
        assert_vec3_approx_eq(&found_trans[0], &[0.0, 0.0, 0.0], 1e-8);

        // Gen 2 (Index 1): C2 -> Should match sym.trans[1]
        assert_vec3_approx_eq(&found_trans[1], &[0.0, 0.0, 0.5], 1e-8);

        // Gen 3 (Index 2): Identity -> Default 0.0
        assert_vec3_approx_eq(&found_trans[2], &[0.0, 0.0, 0.0], 1e-8);
    }

    #[test]
    fn test_get_translations_failure() {
        // 场景：Symmetry 中不包含 Generator 请求的旋转矩阵
        let identity = [[1, 0, 0], [0, 1, 0], [0, 0, 1]];
        let rot_unknown = [[0, 0, 1], [1, 0, 0], [0, 1, 0]]; // Some random rotation

        // Symmetry 只包含 Identity
        let sym = create_mock_symmetry(vec![identity], vec![[0.0, 0.0, 0.0]]);

        let generators_rot = [identity, rot_unknown, identity];
        let mut found_trans = [[0.0; 3]; 3];

        let result = get_translations(&mut found_trans, &sym, &generators_rot);

        assert!(
            !result,
            "Should fail because rot_unknown exists in generators but not in symmetry"
        );
    }

    // --- Tests for Origin Shift Calculation (The "dw" vector) ---

    // 注意：set_dw 和 get_origin_shift 深度依赖 spgdb_get_operation。
    // 在不 mock 整个 database 的情况下，我们无法进行完整的集成测试。
    // 但我们可以测试 VSpU 矩阵乘法部分的逻辑，假设 dw 已知。

    #[test]
    fn test_vspu_multiplication_logic_simulation() {
        // 模拟 get_origin_shift 的后半部分： VSpU * dw

        // dw 向量 (9个元素): 模拟从3个生成元推导出的位移差
        // Indices: 0, 4, 8 对应三个生成元的 x, y, z 分量 (仅作示意)
        let dw = [
            1.0, 0.0, 0.0, // Gen 1 contributions
            0.0, 2.0, 0.0, // Gen 2 contributions
            0.0, 0.0, 3.0, // Gen 3 contributions
        ];

        // Mock VSpU: [3x9 matrix]
        // 为了让计算生效，我们需要将系数放在与 dw 非零元素对应的索引上 (0, 4, 8)

        // Row 0: 作用于 dw[0] (1.0) -> 0.5 * 1.0 = 0.5
        let vspu_row1 = [0.5, 0.0, 0.0, 0.0, 0.0, 0.0, 0.0, 0.0, 0.0];

        // Row 1: 作用于 dw[4] (2.0) -> 0.5 * 2.0 = 1.0 -> mod 1 = 0.0
        let vspu_row2 = [0.0, 0.0, 0.0, 0.0, 0.5, 0.0, 0.0, 0.0, 0.0];

        // Row 2: 作用于 dw[8] (3.0) -> 0.5 * 3.0 = 1.5 -> mod 1 = 0.5
        let vspu_row3 = [0.0, 0.0, 0.0, 0.0, 0.0, 0.0, 0.0, 0.0, 0.5];

        let vspu = [vspu_row1, vspu_row2, vspu_row3];

        // 手动执行 get_origin_shift 中的矩阵乘法逻辑
        let mut shift = [0.0; 3];
        for i in 0..3 {
            shift[i] = 0.0;
            for j in 0..9 {
                shift[i] += vspu[i][j] * dw[j];
            }
        }

        // 验证计算结果
        // shift[0] = 0.5
        // shift[1] = 1.0
        // shift[2] = 1.5

        // 应用取模逻辑
        shift[0] = mat_dmod1(shift[0]);
        shift[1] = mat_dmod1(shift[1]);
        shift[2] = mat_dmod1(shift[2]);

        // 预期结果：[0.5, 0.0, 0.5]
        assert_vec3_approx_eq(&shift, &[0.5, 0.0, 0.5], 1e-8);
    }
}
